0.462620624705
0.489978792734
0.462620624705
0.489978792734
0.462620624705
0.489978792734
0.462620624705
0.489978792734
0.462620624705
0.489978792734
0.462620624705
0.489978792734
0.462620624705
0.489978792734
0.462620624705
0.489978792734
0.462620624705
0.489978792734
0.462620624705
0.489978792734
0.462620624705
0.489978792734
0.462620624705
0.489978792734
0.462620624705
0.489978792734
0.462620624705
0.489978792734
0.462620624705
0.489978792734
0.462620624705
0.489978792734
0.462620624705
0.489978792734
0.462620624705
0.489978792734
0.417848279166
0.44144481245
0.517722685113
0.499514458796
0.524267741801
0.490824115271
0.524267741802
0.490824115271
0.524267741802
0.490824115271
0.536924390157
0.488325434931
0.537024448987
0.488305681279
0.530628684799
0.487685185463
0.531026786603
0.489510594503
0.531026786603
0.489510594503
0.531026786603
0.489510594503
0.531026786603
0.489510594503
0.531026786663
0.489510594505
0.533284555028
0.489568978874
0.533318336587
0.489569852455
0.510186210526
0.489262767122
0.522279712801
0.481590614715
0.513439156605
0.474804930414
0.508715788176
0.476547308761
0.517021574643
0.480676529752
0.536750489752
0.472905515152
0.519404794312
0.472061114873
0.503349486332
0.47387796776
0.49947888743
0.462806438239
0.457038600244
0.464058903968
0.410767729865
0.463893417042
0.386236367551
0.453642979206
0.403257578437
0.422891978053
0.286105362674
0.438009344901
0.252382611248
0.425691606143
0.246445109135
0.411086216109
0.218058510687
0.41685015815
0.215602020713
0.425854641648
0.301298728989
0.399239771443
0.337352111139
0.376886662104
0.36309982543
0.379219538694
0.390330568858
0.391958698154
0.408589080049
0.405226831628
0.399141186591
0.421304001229
0.41512320889
0.422126321726
0.428670182548
0.413995152461
0.428662921137
0.413996683377
0.428326821283
0.413939379493
0.414269858068
0.411252699692
0.431656632645
0.412393606969
0.440143146398
0.409404156171
0.440601944315
0.409122651326
0.436406780296
0.411545860163
0.436403484998
0.411539134261
0.439550604545
0.411210648556
0.443881477415
0.408303131296
0.432763787395
0.413591925665
0.426572168235
0.419539265296
0.419198333853
0.426398708055
0.423338339845
0.433254219463
0.42518062112
0.435516996624
0.435194729309
0.434065200671
0.443930068366
0.435529421908
0.443393562972
0.435618890999
0.435079800515
0.435672933653
0.4347666498
0.435716296204
0.423002472723
0.437169935444
0.435121611675
0.43791229713
0.434819785133
0.436564963627
0.434781484017
0.436579522402
0.43477224772
0.436597035118
0.43478444166
0.436622130424
0.434815613936
0.436658447648
0.43485971668
0.436703426897
0.434915962002
0.436758184546
0.434901935734
0.436745009754
0.435026890124
0.436879687102
0.434756379879
0.436656364956
0.422644016101
0.428731892383
0.421705152988
0.428553630257
0.422873783236
0.428425777098
0.425190036952
0.431403158999
0.425173289318
0.431350987277
0.425111529849
0.431292167909
0.425049043958
0.431233166924
0.431980010703
0.429953271875
0.437010704992
0.427243934133
0.430756867291
0.429180299231
0.430664092789
0.429175143135
0.428914255054
0.428170688511
0.42638791042
0.428471496426
0.389622267117
0.370869830479
0.38962152308
0.370869930429
0.389281990825
0.370769867269
0.365495445346
0.367594905655
0.365495369005
0.36759490749
0.365495345728
0.367594910617
0.361611738353
0.367056809565
0.340773911828
0.364169569681
0.340773910439
0.364169569868
0.355391180296
0.361251157759
0.373631825326
0.353254083344
0.373631454163
0.353246455186
0.353248120582
0.359387977343
0.356571927482
0.360098673175
0.356307509654
0.360042142546
0.392424494016
0.363292897945
0.385966420365
0.36711317195
0.387093387941
0.365211639614
0.381121990129
0.365450114654
0.376351684412
0.364685395422
0.374666960218
0.375653379624
0.375407541043
0.375623792482
0.377094694278
0.375556388577
0.379137594284
0.375474772207
0.38008422182
0.37543697062
0.380493345225
0.375462479218
0.385076980768
0.376191928462
0.385082402679
0.376192451317
0.38508391034
0.376192508372
0.385083994019
0.376192504798
0.385086353434
0.376181184746
0.387302472269
0.36541628009
0.387346704967
0.365201433893
0.387346707147
0.365201429339
0.387346707586
0.365201429321
0.387346707739
0.365201429315
0.387346707822
0.365201429312
0.369261977291
0.41189385534
0.369612751872
0.412008033935
0.36979383556
0.412070306256
0.346621397098
0.386974591341
0.346109686829
0.387825344396
0.345598050312
0.388676202855
0.345089310222
0.389522527094
0.342778564347
0.393362513913
0.340022973574
0.401710152954
0.333664250759
0.417424854754
0.335462492766
0.418857500502
0.350987996074
0.423768495967
0.351096724561
0.424011442356
0.377033302399
0.420266394909
0.377325419129
0.420695319045
0.377738520863
0.421285577479
0.378260433021
0.422025618648
0.378850810066
0.422860946438
0.37944845072
0.423706286005
0.37999432469
0.424460439796
0.383755861605
0.420538166781
0.384158165767
0.420756849741
0.384263266237
0.420903902469
0.352299256629
0.361657636896
0.352356742998
0.361669928364
0.352529466113
0.361706859169
0.353129527424
0.361835161266
0.355544203587
0.36235145517
0.364520386294
0.364270697217
0.379609311178
0.36749693492
0.385911079542
0.3688443472
0.380055020292
0.366209328438
0.380135896435
0.366226620966
0.3736845434
0.370047164715
0.373683356565
0.370048075662
0.372535003965
0.370136397816
0.372735873032
0.369603364649
0.375063638091
0.368136338133
0.387345538944
0.36520147601
0.387346707822
0.365201429312
0.387346707822
0.365201429312
0.387346707822
0.365201429312
0.387346707822
0.365201429312
0.387346707822
0.365201429312
0.387346707822
0.365201429312
0.387346707822
0.365201429312
0.387346707822
0.365201429312
0.387346707822
0.365201429312
0.387346707822
0.365201429312
0.387346707822
0.365201429312
0.387346707822
0.365201429312
0.387346707822
0.365201429312
0.387346707822
0.365201429312
0.387346707822
0.365201429312
0.387346707822
0.365201429312
0.387346707822
0.365201429312
0.387346707822
0.365201429312
0.387346707822
0.365201429312
0.387346707822
0.365201429312
0.387346707822
0.365201429312
0.387346707822
0.365201429312
0.387346707822
0.365201429312
0.369988612804
0.412156621555
0.369988612804
0.412156621555
0.369988612804
0.412156621555
0.369988612804
0.412156621555
0.369988612804
0.412156621555
0.344091462229
0.391183643174
0.344091462229
0.391183643174
0.344091462229
0.391183643174
0.344091462229
0.391183643174
0.342896812537
0.396070026623
0.356510737374
0.416600294991
0.351041702462
0.423762773709
0.377093494641
0.42035084029
0.37640091605
0.422403239129
0.366779637555
0.423392697662
0.382070711675
0.425836637917
0.388042569382
0.424729436877
0.380904309166
0.425659961591
0.390510892205
0.425906519458
0.389578088484
0.424541108591
0.390443743988
0.425762462544
0.390691605318
0.426112393478
0.390764059434
0.426211166688
0.402610896791
0.420392850955
0.404327636997
0.419585065361
0.440475549444
0.420084992102
0.440688108203
0.420033806947
0.468365977404
0.413994230897
0.427974882558
0.426874435953
0.427975016865
0.426874613716
0.427975412092
0.426874752065
0.415453271319
0.429343355291
0.43540754336
0.427360044763
0.436878336971
0.427137770369
0.436895021313
0.427135471688
0.436895693687
0.427135514744
0.436895782105
0.427135550182
0.436895723195
0.427135487357
0.436895574516
0.427135351994
0.436895339995
0.42713518703
0.436894449662
0.427135094734
0.436875976526
0.427137668822
0.436258083063
0.427231011445
0.429849009464
0.428200326568
0.428902352513
0.428343397927
0.428896909545
0.428344107955
0.428896800895
0.42834401888
0.428627983426
0.428431125197
0.370668791103
0.362054914989
0.382358512873
0.365145099511
0.374135205917
0.359690096959
0.373887888781
0.359732242845
0.373550598574
0.359777998749
0.373341444391
0.359806100518
0.37322404933
0.359821871562
0.373163295
0.359830033388
0.3731341647
0.359833948128
0.366839742155
0.361839686369
0.357608619773
0.362470927415
0.346399182146
0.363705553288
0.371305946777
0.371637948406
0.372614268695
0.367657804429
0.382208945851
0.370769924132
0.399191936425
0.366122776288
0.399191924184
0.366122777837
0.392424499303
0.363292897424
0.392424764847
0.363292729432
0.386365710939
0.365699329531
0.381121983352
0.365450114882
0.380913904741
0.365587855716
0.374089015193
0.375676469124
0.352048688794
0.37636866304
0.34596882234
0.370387393981
0.345968857851
0.370387388873
0.345968976735
0.37038736633
0.345969904135
0.370387166211
0.345975830406
0.370385863588
0.346003765442
0.370379705684
0.346003765442
0.370379705684
0.346003765442
0.370379705684
0.346003765442
0.370379705684
0.346003765442
0.370379705684
0.346003765442
0.370379705684
0.346003765442
0.370379705684
0.346003765442
0.370379705684
0.346003765442
0.370379705684
0.346003765442
0.370379705684
0.346003765442
0.370379705684
0.346003765442
0.370379705684
0.346003765442
0.370379705684
0.346003765442
0.370379705684
0.346003765442
0.370379705684
0.346003765442
0.370379705684
0.346003765442
0.370379705684
0.346003765442
0.370379705684
0.339526201697
0.392014521593
0.339526201697
0.392014521593
0.339526201697
0.392014521593
0.339526201697
0.392014521593
0.339526201697
0.392014521593
0.339526201697
0.392014521593
0.339526201697
0.392014521593
0.339526201697
0.392014521593
0.339526201697
0.392014521593
0.339526201697
0.392014521593
0.33864849983
0.390148088802
0.338665355763
0.390171820614
0.338850518271
0.390432272942
0.338950032658
0.390571642347
0.337395792657
0.393379652484
0.337451723772
0.393456443439
0.337166068668
0.393660617758
0.332229709993
0.395236133884
0.332335207374
0.395418301688
0.332501147832
0.395650309404
0.332645458436
0.39585263779
0.332736529782
0.395981589538
0.345484680195
0.399015979359
0.345493188114
0.399031702143
0.345351152256
0.398842061818
0.345038896113
0.39844120168
0.344472507113
0.39782555566
0.343174578148
0.397088504447
0.330362641018
0.386849145625
0.330418106304
0.38675704786
0.330468323972
0.386673663703
0.330513765933
0.386598209522
0.331660470657
0.387591885353
0.326864133632
0.395557887025
0.32536625526
0.406113777893
0.362259467372
0.412546397173
0.361678726326
0.413513488569
0.353178417625
0.413024834026
0.352135775638
0.412857288907
0.337817607265
0.410144240693
0.340241769591
0.411436951529
0.377291741974
0.400687406218
0.372430377427
0.402828045044
0.373292040719
0.404104204933
0.374846667175
0.406294343134
0.381240031892
0.409288831039
0.399346200616
0.412307542432
0.401355513192
0.414974409842
0.402493033611
0.415207011795
0.411812588178
0.425105995541
0.39253312673
0.430396941668
0.394399186576
0.429676056753
0.399515283607
0.429088491575
0.402852980056
0.428730000879
0.403850485161
0.428652420436
0.374449043205
0.359500619134
0.374482506413
0.359650732011
0.37368139333
0.359760419572
0.373315683755
0.359809561261
0.373176693906
0.359828233372
0.384078448904
0.362666770883
0.371802124654
0.365598691173
0.349306970412
0.365302812092
0.340774121717
0.364169541494
0.340773912215
0.364169569629
0.3407739095
0.364169569994
0.341949822547
0.360158359073
0.378055663999
0.351558044756
0.3780556181
0.351558062003
0.353247731592
0.359382073256
0.353248017809
0.359387955368
0.346383589963
0.363038304744
0.342329632208
0.359247124808
0.350747504321
0.359874913441
0.33748839858
0.362232289532
0.337488392364
0.362232286719
0.338497133418
0.360024172277
0.338517418307
0.359979768385
0.338517418311
0.359979768376
0.338517419791
0.359979768091
0.340526278211
0.359593681593
0.342329537778
0.359247109548
0.342329559104
0.359247105449
0.342329559104
0.359247105449
0.342329559104
0.359247105449
0.342329559104
0.359247105449
0.342329559104
0.359247105449
0.342329559104
0.359247105449
0.342329559104
0.359247105449
0.342329559104
0.359247105449
0.342329559104
0.359247105449
0.342329559104
0.359247105449
0.372328116602
0.407033633879
0.372328116602
0.407033633879
0.372328116602
0.407033633879
0.372328116602
0.407033633879
0.372328116602
0.407033633879
0.372328116602
0.407033633879
0.372328116602
0.407033633879
0.372328116602
0.407033633879
0.372328116602
0.407033633879
0.37000048854
0.412170551947
0.37000048854
0.412170551947
0.37000048854
0.412170551947
0.37000048854
0.412170551947
0.37000048854
0.412170551947
0.37000048854
0.412170551947
0.37000048854
0.412170551947
0.385636552299
0.40704499157
0.385636552299
0.40704499157
0.385636552299
0.40704499157
0.385636552299
0.40704499157
0.331582735073
0.381278062318
0.331582735073
0.381278062318
0.331582735073
0.381278062318
0.331582735073
0.381278062318
0.331582735073
0.381278062318
0.331582735073
0.381278062318
0.331582735073
0.381278062318
0.331582735073
0.381278062318
0.331582735073
0.381278062318
0.331582735073
0.381278062318
0.331582735073
0.381278062318
0.331582735073
0.381278062318
0.331582735073
0.381278062318
0.331582735073
0.381278062318
0.331582735073
0.381278062318
0.331582735073
0.381278062318
0.331582735073
0.381278062318
0.331582735073
0.381278062318
0.331582735073
0.381278062318
0.331582735073
0.381278062318
0.331582735073
0.381278062318
0.365702087782
0.405751926735
0.365702087782
0.405751926735
0.365702087782
0.405751926735
0.365702087782
0.405751926735
0.365702087782
0.405751926735
0.365702087782
0.405751926735
0.365702087782
0.405751926735
0.365702087782
0.405751926735
0.365702087782
0.405751926735
0.335996652083
0.379626412509
0.335996652083
0.379626412509
0.335996652083
0.379626412509
0.335996652083
0.379626412509
0.335996652083
0.379626412509
0.335996652083
0.379626412509
0.357195123397
0.365625599708
0.357195123397
0.365625599708
0.357195123397
0.365625599708
0.357195123397
0.365625599708
0.357195123397
0.365625599708
0.357195123397
0.365625599708
0.357195123397
0.365625599708
0.357195123397
0.365625599708
0.357195123397
0.365625599708
0.357195123397
0.365625599708
0.357195123397
0.365625599708
0.357195123397
0.365625599708
0.357195123397
0.365625599708
0.357195123397
0.365625599708
0.357195123397
0.365625599708
0.357195123397
0.365625599708
0.357195123397
0.365625599708
0.357195123397
0.365625599708
0.357195123397
0.365625599708
0.357195123397
0.365625599708
0.357195123397
0.365625599708
0.357195123397
0.365625599708
0.357195123397
0.365625599708
0.357195123397
0.365625599708
0.357195123397
0.365625599708
0.357195123397
0.365625599708
0.357195123397
0.365625599708
0.357195123397
0.365625599708
0.357195123397
0.365625599708
0.357195123397
0.365625599708
0.357195123397
0.365625599708
0.357195123397
0.365625599708
0.357195123397
0.365625599708
0.357195123397
0.365625599708
0.357195123397
0.365625599708
0.336008139037
0.379615115803
0.336008139037
0.379615115803
0.336008139037
0.379615115803
0.336008139037
0.379615115803
0.357195123397
0.365625599708
0.357195123397
0.365625599708
0.357195123397
0.365625599708
0.357195123397
0.365625599708
0.357195123397
0.365625599708
0.357195123397
0.365625599708
0.357195123397
0.365625599708
0.357195123397
0.365625599708
0.357195123397
0.365625599708
0.357195123397
0.365625599708
0.357195123397
0.365625599708
0.357195123397
0.365625599708
0.357195123397
0.365625599708
0.357195123397
0.365625599708
0.357195123397
0.365625599708
0.357195123397
0.365625599708
0.357195123397
0.365625599708
0.357195123397
0.365625599708
0.357195123397
0.365625599708
0.357195123397
0.365625599708
0.357195123397
0.365625599708
0.357195123397
0.365625599708
0.357195123397
0.365625599708
0.357195123397
0.365625599708
0.357195123397
0.365625599708
0.357195123397
0.365625599708
0.357195123397
0.365625599708
0.357195123397
0.365625599708
0.357195123397
0.365625599708
0.357195123397
0.365625599708
0.357195123397
0.365625599708
0.357195123397
0.365625599708
0.357195123397
0.365625599708
0.357195123397
0.365625599708
0.357195123397
0.365625599708
0.357195123397
0.365625599708
0.357195123397
0.365625599708
0.357195123397
0.365625599708
0.357195123397
0.365625599708
0.357195123397
0.365625599708
0.357195123397
0.365625599708
0.336008139037
0.379615115803
0.336008139037
0.379615115803
0.336008129786
0.379615119278
0.336008129786
0.379615119278
0.336008129786
0.379615119278
0.336008129786
0.379615119278
0.336008129786
0.379615119278
0.336008129786
0.379615119278
0.383959629912
0.406284089065
0.375717870768
0.409650470921
0.36473645339
0.378749810631
0.364736452749
0.37874979622
0.369737157755
0.364591285311
0.369068005801
0.366485841312
0.367931672881
0.369703117057
0.356174268251
0.36951059552
0.35700214023
0.366171988932
0.357192153125
0.365634009378
0.357195126569
0.365625590726
0.357195132016
0.365625575306
0.357195132016
0.365625575306
0.357195132016
0.365625575306
0.357195132016
0.365625575306
0.357195132016
0.365625575306
0.357195132016
0.365625575306
0.357197317947
0.365625370881
0.369787928081
0.364448921738
0.364446054207
0.36387394157
0.333792122429
0.370826261285
0.358138163229
0.357510891297
0.358138163229
0.357510891297
0.358138163229
0.357510891297
0.358138163229
0.357510891297
0.358138163229
0.357510891297
0.358138163229
0.357510891297
0.358138163229
0.357510891297
0.358138163229
0.357510891297
0.351519435461
0.354712828867
0.371459813395
0.365430478256
0.375157628579
0.367768882098
0.339001339559
0.362555780065
0.339074205221
0.362571359248
0.345306264122
0.357382073699
0.341741682942
0.360514994441
0.339976401996
0.36276288834
0.3422088386
0.363241499163
0.343854007275
0.363593344497
0.344386641304
0.363707236072
0.344085013956
0.363642744323
0.343521654635
0.363522289778
0.343051414636
0.363421745447
0.342649687258
0.363335850136
0.3423194203
0.363265234126
0.342323718349
0.363266153105
0.341880305223
0.363171344755
0.341885765731
0.36317251228
0.341754929764
0.363144537584
0.341825494493
0.363159625351
0.341963389776
0.363189109393
0.342140365411
0.363226949401
0.342363929892
0.363274750791
0.342639923145
0.363333762222
0.342976053821
0.363405631914
0.343381060524
0.363492228301
0.343865405943
0.363595788448
0.343868832378
0.363596521023
0.344428376904
0.363716159859
0.345025560911
0.363843846613
0.346122742718
0.364078440284
0.346481218954
0.364155087977
0.346619308912
0.364184613894
0.346660391656
0.36419339809
0.346746919636
0.364211899017
0.346844641929
0.364232793472
0.346931311401
0.364251324692
0.347354611245
0.364341832018
0.348396348469
0.364564568895
0.369793772687
0.411878531774
0.369740746996
0.411803674907
0.355116270723
0.381375068208
0.355123426336
0.381363222033
0.355103423852
0.381396620965
0.355101761442
0.381399396555
0.337161502398
0.386361525368
0.348886473602
0.390757964546
0.343180871237
0.388781077554
0.369480593636
0.398553599383
0.362449667619
0.410344307784
0.353750491075
0.410266024706
0.341178856732
0.41113003741
0.355759989262
0.406279521919
0.365495169835
0.405967078973
0.37737896972
0.400648624605
0.377458445441
0.400777064856
0.377477812576
0.400806194046
0.377693598478
0.400986440996
0.347433638632
0.410394844758
0.401677890548
0.404921855356
0.404864015301
0.40450978018
0.417431229824
0.408134114909
0.434632871118
0.406359163223
0.446585872514
0.406669745569
0.45096953406
0.410487834264
0.456130332291
0.409753965559
0.458002430109
0.409409622424
0.458596636636
0.409230795418
0.458722825195
0.409110923206
0.458500789212
0.409039286402
0.457520141005
0.409078335297
0.454211266353
0.409451334811
0.449014595163
0.4100991146
0.446992858807
0.410314821731
0.446341487598
0.410350248789
0.445460082015
0.41042722127
0.357521213713
0.35655720493
0.338409397036
0.360743553712
0.337583992333
0.360925652602
0.336368510911
0.361193793641
0.335396928233
0.360842362829
0.328059509417
0.36067447392
0.328677214105
0.365901703515
0.35051638983
0.371711741239
0.326141163015
0.371702049763
0.325610640147
0.371774248873
0.359440131575
0.37229436282
0.321800861729
0.373608852708
0.321800861729
0.373608852708
0.321800861729
0.373608852708
0.321800861729
0.373608852708
0.321800861729
0.373608852708
0.321800861729
0.373608852708
0.321800861729
0.373608852708
0.303408686484
0.379871121718
0.303259177887
0.379891206876
0.324104586947
0.375310148361
0.360148838654
0.366717396918
0.353339480873
0.376549490473
0.352049082089
0.376368835799
0.353626851587
0.368697900602
0.354854124558
0.369034450174
0.354098199675
0.369091073213
0.35180320712
0.369459728687
0.349116709425
0.369923417249
0.347741891997
0.3701320876
0.347308759631
0.370168793726
0.347486682485
0.370096005221
0.347581421713
0.370069270426
0.347581421713
0.370069270426
0.347581421713
0.370069270426
0.347581421713
0.370069270426
0.347581421713
0.370069270426
0.347581421713
0.370069270426
0.347581421713
0.370069270426
0.347581421713
0.370069270426
0.347581421713
0.370069270426
0.347581421713
0.370069270426
0.341201396239
0.392901935037
0.341201396239
0.392901935037
0.341201396239
0.392901935037
0.341201396239
0.392901935037
0.341201396239
0.392901935037
0.341201396239
0.392901935037
0.341201396239
0.392901935037
0.341201396239
0.392901935037
0.341201396239
0.392901935037
0.341201396239
0.392901935037
0.341201396239
0.392901935037
0.341201396239
0.392901935037
0.341201396239
0.392901935037
0.341201396239
0.392901935037
0.352058491338
0.396450504102
0.334091523364
0.381624252734
0.334091523364
0.381624252734
0.334091523364
0.381624252734
0.334091523364
0.381624252734
0.332206152032
0.386685827299
0.341611121251
0.395347740969
0.345507959005
0.407448508392
0.360434581685
0.414489996945
0.360022074577
0.41518070277
0.368038637237
0.409229981425
0.380046507134
0.40830943078
0.381455295641
0.406222094517
0.381183867015
0.406280569334
0.385346626584
0.418565967959
0.389186402062
0.423986255642
0.390434451615
0.425746276767
0.39073203671
0.426153097539
0.39141450415
0.425288068281
0.4014117316
0.42398775013
0.402785448697
0.423975626152
0.403147391182
0.424301262842
0.403809662489
0.424925630217
0.404869677411
0.425925303286
0.406204101994
0.427183745147
0.407486021823
0.428392665787
0.408454609069
0.429306091568
0.408533128983
0.429380142465
0.397593675947
0.42955886513
0.397749894842
0.429711109542
0.397861721228
0.429816646465
0.397924369501
0.429875904164
0.39796024337
0.429909807543
0.397981286286
0.429929663902
0.397993909677
0.429941596379
0.398019339562
0.42995046564
0.406365772424
0.430589806604
0.402008635423
0.431534408989
0.391323228825
0.43691662689
0.396321596182
0.430985164291
0.411608583016
0.416094046505
0.43207214937
0.413112817727
0.434645751569
0.412842925714
0.43464670725
0.412843133285
0.432788998116
0.400108712974
0.423022099012
0.401088676306
0.423021964564
0.401088580357
0.416563668703
0.404908642127
0.415309441953
0.405001788242
0.414941084683
0.4050291647
0.388185534994
0.408174358144
0.390202523455
0.401706284693
0.395639825251
0.399067255124
0.402108075265
0.395277369869
0.395875107457
0.400631593141
0.395909816939
0.400664340167
0.395944215293
0.400696760783
0.396992721923
0.40875792414
0.405620488617
0.408478074905
0.405647060238
0.408497747819
0.39482456251
0.419768952968
0.394824674486
0.41977528584
0.394561569446
0.420068382894
0.389687848826
0.425706990969
0.389664952105
0.42568539546
0.389636037904
0.425658094776
0.38841695779
0.425598781145
0.378630196913
0.425456524524
0.379047515467
0.42480401126
0.379016493305
0.424773275395
0.378991175385
0.42474948631
0.385292398769
0.429993311139
0.385264983373
0.429968442029
0.385248074645
0.429952677512
0.385243018462
0.429939486212
0.385238218807
0.429943398255
0.390769191309
0.425360746165
0.390767795936
0.425359428787
0.390767028518
0.425358700687
0.390766601378
0.425358283962
0.390766631288
0.425358313424
0.390765850192
0.425357359798
0.39076442349
0.425355397639
0.392561956329
0.424762611486
0.370455070861
0.430354989063
0.370225524721
0.430254126648
0.37836605121
0.430203095782
0.391034151239
0.429925168339
0.385045563247
0.421669694539
0.385223718167
0.421947255412
0.347312443494
0.402275283321
0.356666004638
0.385951985996
0.330809611782
0.384386795553
0.330754541213
0.384478705794
0.329971282043
0.382866800767
0.329976417675
0.382858071707
0.352777557834
0.363778311926
0.361462930835
0.365753794287
0.361463198198
0.365753814267
0.361463198148
0.365753814337
0.353896527751
0.39892653741
0.35361442132
0.398597220265
0.353596600067
0.39857931052
0.352790369531
0.39763385596
0.35224527528
0.396982775396
0.351758415026
0.399850432831
0.351284119256
0.403466504342
0.350707946969
0.402607716145
0.350200587068
0.401775981936
0.350192403792
0.401764562339
0.33890374481
0.411283616939
0.338954609539
0.410534589631
0.339120033265
0.409856484965
0.339213648004
0.409209077522
0.354546742504
0.399690409033
0.354545195404
0.399683446175
0.331588313737
0.381276591795
0.331586462269
0.381277242663
0.331586315071
0.38127727134
0.331587671396
0.381276750682
0.338089283921
0.382868942493
0.336393983335
0.379740804056
0.356053783582
0.374305951979
0.272282138064
0.349669332928
0.267047015923
0.344229125159
0.279217399916
0.345108001571
0.279441929692
0.344789798463
0.258126652188
0.317902388041
0.258182593022
0.31789418625
0.258125830828
0.317902508465
0.258125830828
0.317902508465
0.358044284975
0.377856471146
0.358063133455
0.377853787386
0.358063133477
0.377853787383
0.358063133479
0.377853787378
0.364661711687
0.380613065446
0.364830552667
0.38068366629
0.364830551363
0.380683637426
0.364830544529
0.38068343638
0.364830633183
0.380682457659
0.364839280058
0.380656958378
0.366982174905
0.408114566906
0.366982174905
0.408114566906
0.366982174905
0.408114566906
0.366982174905
0.408114566906
0.366982174905
0.408114566906
0.366982174905
0.408114566906
0.366982174905
0.408114566906
0.366982174905
0.408114566906
0.366982174905
0.408114566906
0.366982174905
0.408114566906
0.366982174905
0.408114566906
0.351236295595
0.396651347095
0.348768899884
0.402047569896
0.352140729297
0.393089723797
0.329942547252
0.391180311629
0.328092188314
0.391707638847
0.330243932199
0.388133852732
0.331910016004
0.385512439319
0.335491025164
0.380473792735
0.335491025164
0.380473792735
0.336517774274
0.367205941951
0.336571608032
0.367061117234
0.336581502614
0.367065569118
0.334912590284
0.381443769911
0.339458766109
0.381311115922
0.332434190531
0.385549583714
0.33087695453
0.388135105238
0.329060978209
0.391146044054
0.317692690403
0.410027312334
0.321398833605
0.403874064453
0.332216150973
0.379434000443
0.325977494209
0.366473484105
0.322227105693
0.366581088457
0.324015474484
0.368053233958
0.374808075875
0.37267519874
0.37300327747
0.368022126119
0.393798264503
0.365003156789
0.405065626639
0.361751603032
0.386342290918
0.340080459477
0.364665300238
0.336358614382
0.342259952956
0.360151084033
0.335115799589
0.421001892934
0.334136160457
0.435284021326
0.367413661693
0.413919596348
0.387478659607
0.395744221875
0.38762406064
0.395208422358
0.392563334759
0.384944666199
0.39259224153
0.384946813601
0.361853756185
0.377267809099
0.355399499959
0.380211202304
0.323899792154
0.399738189605
0.322701514337
0.387207808333
0.323018725283
0.367262056744
0.342449866317
0.369557648933
0.381448599114
0.372231626281
0.367601293203
0.365457175125
0.405956644792
0.359449656106
0.405061496912
0.361745677791
0.381720637458
0.379623239073
0.349889829125
0.45118915102
0.385962590143
0.395766863424
0.383589137354
0.381517170148
0.392667436076
0.384952851261
0.392701621268
0.384956907021
0.361977879734
0.377092163572
0.336163764391
0.392603352275
0.325373771382
0.385070631395
0.362579529937
0.37362167256
0.373780499409
0.369347868268
0.38090515911
0.365631730027
0.406036356796
0.359451994682
0.400318249966
0.361048279528
0.3637591305
0.346598575632
0.364628793376
0.335787400338
0.374432599906
0.335913216449
0.374153681201
0.335025457439
0.343589344281
0.3667780166
0.314857777483
0.392371556516
0.311425203998
0.392583675787
0.295539250662
0.407091031008
0.311101092493
0.421622390688
0.377677658029
0.426065876444
0.402776845486
0.412534080883
0.413440883728
0.423900712614
0.43427901965
0.437608472491
0.428334490487
0.451384393568
0.368043449803
0.45242574756
0.447337122971
0.439094418975
0.515159219099
0.440299531887
0.349671826456
0.359499506502
0.363081744092
0.370333103869
0.336760564934
0.369803185494
0.336764480797
0.369803264331
0.326205749209
0.369921160781
0.302629102668
0.366654435339
0.30298130444
0.366462222554
0.317065737773
0.358775696336
0.239876723002
0.325084637795
0.238410814029
0.334513491863
0.242818775659
0.340195628522
0.243878226311
0.341288095425
0.259249260942
0.33455662636
0.272538305365
0.321530308215
0.273100156076
0.320327012312
0.274311836598
0.317619646682
0.274628249634
0.316912464907
0.274674563502
0.316808958471
0.348133577294
0.445646621292
0.348133577294
0.445646621292
0.348133577294
0.445646621292
0.348133577294
0.445646621292
0.348133577294
0.445646621292
0.348133577294
0.445646621292
0.348133577294
0.445646621292
0.348133577294
0.445646621292
0.348133577294
0.445646621292
0.348133577294
0.445646621292
0.348133577294
0.445646621292
0.348133577294
0.445646621292
0.348133577294
0.445646621292
0.348133577294
0.445646621292
0.348133577294
0.445646621292
0.348133577294
0.445646621292
0.348133577294
0.445646621292
0.348133577294
0.445646621292
0.348133577294
0.445646621292
0.348133577294
0.445646621292
0.348133577294
0.445646621292
0.348133577294
0.445646621292
0.348133577294
0.445646621292
0.348133577294
0.445646621292
0.348133577294
0.445646621292
0.365927566059
0.344956026972
0.373347020282
0.342991601196
0.347518203465
0.371213640194
0.323874932633
0.411927473455
0.343412254069
0.407331188954
0.343412254069
0.407331188954
0.444783674248
0.460899442046
0.436017315567
0.458665981838
0.440108590175
0.462076338571
0.440108590175
0.462076338571
0.474757696141
0.466499572954
0.532453044877
0.4590323428
0.536013388323
0.477184087909
0.54219524638
0.482420453572
0.54219524638
0.482420453572
0.551275239206
0.471263028454
0.531154339393
0.486971955125
0.516610605938
0.493564073729
0.516516036924
0.493571097571
0.506002758658
0.494351940868
0.515049993036
0.492836877258
0.514380782027
0.492882652194
0.514746485747
0.490046048181
0.514906621115
0.488803948173
0.53288440382
0.487011101418
0.532488862409
0.485185424459
0.551154425404
0.343145276922
0.55115275591
0.343145353523
0.551173911675
0.34314477183
0.551173929587
0.343144771681
0.551185449877
0.343146238444
0.558570270964
0.344086534679
0.558570270966
0.344086534679
0.558570270966
0.344086534679
0.558698328363
0.344622033921
0.563077710414
0.362935351375
0.558376330261
0.370331616339
0.557459233346
0.371774403682
0.553750562098
0.369776616763
0.553750562098
0.369776616763
0.553750562098
0.369776616763
0.564669938106
0.370735397696
0.565636176714
0.370820238731
0.56686869322
0.371700972548
0.574327252567
0.377030723031
0.5743272528
0.377030723197
0.5743272528
0.377030723197
0.5743272528
0.377030723197
0.5743272528
0.377030723197
0.5743272528
0.377030723197
0.5743272528
0.377030723197
0.5743272528
0.377030723197
0.5743272528
0.377030723197
0.5743272528
0.377030723197
0.5743272528
0.377030723197
0.5743272528
0.377030723197
0.5743272528
0.377030723197
0.5743272528
0.377030723197
0.5743272528
0.377030723197
0.5743272528
0.377030723197
0.5743272528
0.377030723197
0.5743272528
0.377030723197
0.5743272528
0.377030723197
0.5743272528
0.377030723197
0.5743272528
0.377030723197
0.5743272528
0.377030723197
0.458123879525
0.504389525054
0.458123879525
0.504389525054
0.474904440897
0.499376034142
0.474904440897
0.499376034142
0.474904440897
0.499376034142
0.474904440897
0.499376034142
0.474904440897
0.499376034142
0.474904440897
0.499376034142
0.474904440897
0.499376034142
0.479652538068
0.498356755216
0.479652538068
0.498356755216
0.479652538068
0.498356755216
0.479652538068
0.498356755216
0.458123879525
0.504389525054
0.527628858906
0.492128144097
0.527628858906
0.492128144097
0.527628858906
0.492128144097
0.527628858906
0.492128144097
0.527628858906
0.492128144097
0.527628858906
0.492128144097
0.527628858906
0.492128144097
0.527628858906
0.492128144097
0.527628858906
0.492128144097
0.527628858906
0.492128144097
0.527628858906
0.492128144097
0.527628858906
0.492128144097
0.527628858906
0.492128144097
0.527628858906
0.492128144097
0.527628858906
0.492128144097
0.527628858906
0.492128144097
0.527628858906
0.492128144097
0.527628858906
0.492128144097
0.527628858906
0.492128144097
0.527628858906
0.492128144097
0.527628858906
0.492128144097
0.527628858906
0.492128144097
0.527628858906
0.492128144097
0.527628858906
0.492128144097
0.527628858906
0.492128144097
0.527628858906
0.492128144097
0.527628858906
0.492128144097
0.527628858906
0.492128144097
0.527628858906
0.492128144097
0.527628858906
0.492128144097
0.527628858906
0.492128144097
0.527628858906
0.492128144097
0.527628858906
0.492128144097
0.527628858906
0.492128144097
0.527628858906
0.492128144097
0.527628858906
0.492128144097
0.527628858906
0.492128144097
0.527628858906
0.492128144097
0.527628858906
0.492128144097
0.527628858906
0.492128144097
0.527628858906
0.492128144097
0.527628858906
0.492128144097
0.527628858906
0.492128144097
0.527628858906
0.492128144097
0.527628858906
0.492128144097
0.458123879525
0.504389525054
0.458123879525
0.504389525054
0.458123879525
0.504389525054
0.458123879525
0.504389525054
0.458123879525
0.504389525054
0.458123879525
0.504389525054
0.458123879525
0.504389525054
0.458123879525
0.504389525054
0.531026770906
0.489510595669
0.531026770906
0.489510595669
0.531026770906
0.489510595669
0.527628876311
0.492128144547
0.527628876311
0.492128144547
0.527628876311
0.492128144547
0.527628876311
0.492128144547
0.527628876311
0.492128144547
0.527628876311
0.492128144547
0.527628876311
0.492128144547
0.527628876311
0.492128144547
0.527628876311
0.492128144547
0.527628876311
0.492128144547
0.527628876311
0.492128144547
0.527628876311
0.492128144547
0.527628876311
0.492128144547
0.527628876311
0.492128144547
0.527628876311
0.492128144547
0.527628876311
0.492128144547
0.527628876311
0.492128144547
0.527628876311
0.492128144547
0.527628876311
0.492128144547
0.527628876311
0.492128144547
0.527628876311
0.492128144547
0.527628876311
0.492128144547
0.527628876311
0.492128144547
0.527628876311
0.492128144547
0.527628876311
0.492128144547
0.527628876311
0.492128144547
0.527628876311
0.492128144547
0.527628876311
0.492128144547
0.527628876311
0.492128144547
0.527628876311
0.492128144547
0.527628876311
0.492128144547
0.527628876311
0.492128144547
0.527628876311
0.492128144547
0.527628876311
0.492128144547
0.527628876311
0.492128144547
0.531026786603
0.489510594503
0.45875409648
0.509442923308
0.512806699463
0.501137419389
0.50676614584
0.500328224506
0.507292532892
0.500289128177
0.51905128633
0.493231059823
0.519051288235
0.493231060599
0.51905128633
0.493231059823
0.523734576085
0.495139766649
0.524203869313
0.49533103032
0.524203869314
0.49533103032
0.524203869314
0.49533103032
0.524203869314
0.49533103032
0.524203869314
0.49533103032
0.524203869794
0.495331029871
0.524203870348
0.495331029353
0.524203869314
0.49533103032
0.524203652872
0.495330942107
0.51905128633
0.493231059823
0.51905128633
0.493231059823
0.51905128633
0.493231059822
0.519051286331
0.49323105982
0.509671487969
0.493347720635
0.516179415417
0.504279908635
0.529361022566
0.497784941463
0.538262020076
0.483772733327
0.541969119246
0.481079571192
0.52829331439
0.484931218512
0.528293306841
0.484931234903
0.530162574026
0.487989298637
0.535672539759
0.48620580481
0.530166242035
0.487988087687
0.530172385732
0.487986096262
0.530171192156
0.48798648207
0.530166473277
0.487988010447
0.530164002788
0.487988811673
0.530163239701
0.487989059985
0.530163022681
0.487989130984
0.530162892014
0.48798917394
0.530162814286
0.487989199647
0.530162769437
0.487989214578
0.530162746716
0.487989222198
0.530162741409
0.487989224011
0.530162753859
0.487989219888
0.530162790768
0.487989207638
0.530162847352
0.487989188924
0.530162919666
0.487989165098
0.530163031427
0.48798912842
0.530163208047
0.487989070662
0.530163496499
0.487988976615
0.530164061781
0.487988792788
0.530164840483
0.487988539939
0.530166329194
0.487988057124
0.530168358485
0.487987399434
0.530171483865
0.48798638697
0.530174353376
0.487985457583
0.530175941433
0.487984943258
0.53017511204
0.48798521177
0.530174537656
0.487985397744
0.530174847674
0.487985297358
0.530176514179
0.487984757697
0.530177219212
0.487984529391
0.530186205099
0.48798161999
0.530227159528
0.487968362054
0.530367821682
0.487922830487
0.530826520432
0.487774357238
0.531957348789
0.487408330437
0.533520327802
0.486902426144
0.534624599127
0.486544995647
0.520208042479
0.50945556812
0.520208042479
0.50945556812
0.520208042479
0.50945556812
0.520208042479
0.50945556812
0.520208042479
0.50945556812
0.520208042479
0.50945556812
0.520208042479
0.50945556812
0.520208042479
0.50945556812
0.520208042479
0.50945556812
0.520208042479
0.50945556812
0.520208042479
0.50945556812
0.520208042479
0.50945556812
0.520208042479
0.50945556812
0.520208042479
0.50945556812
0.520208042479
0.50945556812
0.520208042479
0.50945556812
0.520208042479
0.50945556812
0.520208042479
0.50945556812
0.520208042479
0.50945556812
0.520208042479
0.50945556812
0.520208042479
0.50945556812
0.520208042479
0.50945556812
0.520208042479
0.50945556812
0.520208042479
0.50945556812
0.520208042479
0.50945556812
0.520208042479
0.50945556812
0.520208042479
0.50945556812
0.520208042479
0.50945556812
0.520208042479
0.50945556812
0.520208042479
0.50945556812
0.520208042479
0.50945556812
0.520208042479
0.50945556812
0.520208042479
0.50945556812
0.520208042479
0.50945556812
0.520208042479
0.50945556812
0.520208042479
0.50945556812
