0.61517740212
0.484089117357
0.60363482997
0.484150399295
0.593269114986
0.486072086153
0.583975463839
0.49022531538
0.575446259921
0.496755447551
0.5673282897
0.505524242186
0.559370266736
0.516097793066
0.551525633234
0.52779390538
0.543976335916
0.539796222037
0.537067665416
0.551304252593
0.531175707115
0.561674189713
0.526572431458
0.570501661847
0.523351565996
0.577628712849
0.521432048391
0.58309673101
0.520614942289
0.587073667997
0.520651539488
0.589787059219
0.521296677663
0.591475126773
0.522339033958
0.592358313766
0.523612511539
0.592628033957
0.524995620132
0.592446085175
0.524995620132
0.592446085175
0.527788345822
0.591265064597
0.529113542594
0.590508713128
0.530363222169
0.58980765488
0.53152606493
0.589306640441
0.532589916968
0.589181638521
0.533534564146
0.589653624328
0.534324161985
0.591003226977
0.832120487988
0.101875140285
0.832120487988
0.101875140285
0.832120487988
0.101875140285
0.832120487988
0.101875140285
0.832120487988
0.101875140285
0.832120487228
0.101875140271
0.832120487198
0.101875140271
0.832120487166
0.10187514027
0.832120487132
0.101875140269
0.832120487098
0.101875140269
0.832120487062
0.101875140268
0.832120487025
0.101875140267
0.832120486986
0.101875140267
0.832120486945
0.101875140266
0.832120486903
0.101875140265
0.832120486859
0.101875140264
0.832120486814
0.101875140264
0.832120486814
0.101875140264
0.832120486717
0.101875140262
0.832120486666
0.101875140261
0.832120486612
0.10187514026
0.832120486557
0.101875140259
0.832120486499
0.101875140258
0.832120486439
0.101875140257
0.832120486376
0.101875140255
0.832120486311
0.101875140254
0.832120486243
0.101875140253
0.832120486173
0.101875140252
0.8321204861
0.10187514025
0.832120486024
0.101875140249
0.366007846421
0.115060302304
0.353829769183
0.113749181104
0.424028091893
0.103483713672
0.452884635346
0.105698845578
0.482880572273
0.107336675458
0.456206666231
0.151057074274
0.41083331396
0.0263916056352
0.313970169703
0.043430764464
0.313927875679
0.0433964806021
0.313681561768
0.0433694595932
0.228479598605
0.04649686593
0.230525171199
0.0532754596488
0.0642250266574
0.113944049533
0.472190708775
0.039463348168
0.403560114402
-0.0202472390174
0.403560114402
-0.0202472390174
0.403560114402
-0.0202472390174
0.403560114402
-0.0202472390174
0.403560114402
-0.0202472390174
0.403560114402
-0.0202472390174
0.403560114402
-0.0202472390174
0.403560114402
-0.0202472390174
0.403560114402
-0.0202472390174
0.403560114402
-0.0202472390174
0.403560114402
-0.0202472390174
0.403560114402
-0.0202472390174
0.403560114402
-0.0202472390174
0.403560114402
-0.0202472390174
0.403560114402
-0.0202472390174
0.403560114402
-0.0202472390174
0.403560114402
-0.0202472390174
0.403560114402
-0.0202472390174
0.403560114402
-0.0202472390174
0.403560114402
-0.0202472390174
0.403560114402
-0.0202472390174
0.403560114402
-0.0202472390174
0.403560114402
-0.0202472390174
0.144435796554
0.110754442208
0.6092119916
0.229176665568
0.839480672926
0.138825506662
0.839480672942
0.138825506655
0.839480672942
0.138825506655
0.923843850838
0.113193646654
0.924513619429
0.112990152486
0.864191933762
0.139819686822
0.91108270442
0.0790530552294
0.91108270442
0.0790530552294
0.864191332184
0.139819954389
1.06946703709
0.0673324942064
0.962267320531
0.154922993817
0.962267320531
0.154922993817
0.962267320545
0.15492299381
1.02258960752
0.128093191921
1.02094753668
0.127817380136
0.975522814532
0.120187447067
0.975339213112
0.120243229941
0.807815634905
0.177020204588
0.670431603821
0.232092548883
0.660221186142
0.236373960056
0.699679700379
0.191241945173
0.839480667262
0.138825508785
0.839480672942
0.138825506655
0.839480672942
0.138825506655
0.839480672942
0.138825506655
0.839480672942
0.138825506655
0.83947957887
0.13882599327
0.779206373693
0.165640728481
0.91108270442
0.0790530552296
0.91108270442
0.0790530552294
0.779158385697
0.165655308558
1.01245060755
0.0926919356281
0.962267320531
0.154922993817
0.962267320531
0.154922993817
0.962267320531
0.154922993817
1.02258959797
0.128093193099
1.02256363643
0.128089054221
0.975522825102
0.120187451254
0.975478724845
0.12020084228
0.660221186142
0.236373960056
0.839267582316
0.138905401634
0.839480672942
0.138825506655
0.839480672942
0.138825506655
0.839480672942
0.138825506655
0.839480672942
0.138825506655
0.779158388848
0.16565530759
0.779158387399
0.165655308032
0.91108270442
0.0790530552294
0.91108270442
0.0790530552294
0.91108270442
0.0790530552294
0.91108270442
0.0790530552294
0.91108270442
0.0790530552294
0.911089037927
0.0790511326138
0.982828892883
0.0630834214769
0.793910763863
0.0398382615371
0.756578461302
-0.0539200607806
0.795019830632
0.0143875628547
0.881803966274
-0.172922059976
0.786010918811
-0.102718858462
0.704819050876
-0.0888912074859
0.772701613938
-0.0932755299835
0.578097105972
-0.209869466256
0.360050840491
-0.140377530626
0.0684204312225
0.0449658974232
-0.118482329945
0.153877451488
0.15698414809
0.235794814684
0.22079088111
0.103897365129
0.59487011912
0.235708741102
0.507471471078
0.209190905374
0.69937248633
0.208285562879
0.862595029163
0.20598178372
0.607207654387
0.219335402261
1.03727317799
0.189733848603
1.10626946469
0.306541068566
1.55841000343
0.381752560942
1.8021343064
0.290783797658
1.84882434606
0.275687721973
1.75895922428
0.453838116316
1.73451786033
0.487788257945
1.58241453453
0.648064423754
1.58222605763
0.648170170988
1.58843022798
0.64778704475
1.65190487436
0.65780925352
1.67549983534
0.73164919414
1.6744667212
0.732154399229
1.73896160387
0.716231970961
1.67738735131
1.02369642565
1.75878179141
1.03588178916
1.64772853568
1.03427862092
1.64846137014
1.03485334299
1.64879152846
1.05184627094
1.70910667487
1.0061242126
1.64493655188
1.01937030284
1.59411085011
1.05221782631
1.57341380764
0.910325882062
1.5736593745
0.909527292912
1.5751144902
0.905950887012
1.55472966935
0.864202132895
1.55470375373
0.864348514313
1.60813590722
0.883582667217
1.65037922559
0.881011773689
1.64510006623
0.879977620583
1.55527664367
0.873270980056
1.43658343638
0.906187976845
1.47251731254
0.918410173553
1.47325409442
0.918337785085
1.4845530088
0.916939439676
1.61735103263
1.00181014774
1.69699417125
1.17589220317
1.66324761381
1.22449126222
1.74642490591
1.21845208724
1.7535369006
1.16974980145
1.80444703138
1.17692523719
1.80451116705
1.17689782767
1.82976680008
1.21927423186
1.92451003007
1.19139868837
1.91360726149
1.17845629633
1.9775079175
1.15826090843
1.87230626407
1.15642875584
1.7850465583
1.16011675765
1.78527005942
1.15999016304
1.70768392606
1.15018728493
1.74383692888
1.12226029305
1.75610013126
1.11262689359
1.75575699025
1.11246950659
1.75550225088
1.11240529801
1.76220032719
1.14474096877
1.76095838151
1.14440076628
1.76810188686
1.18244054458
1.77643765054
1.15682932578
1.80040023575
1.18654686578
1.79290422318
1.18383710035
1.7303083371
1.11351037192
1.7929148216
0.692316836949
1.87062967661
0.589346846617
1.86060679308
0.597834445459
1.75506910912
0.63193298812
1.60590099858
0.732175281446
1.58778378839
0.729601780302
1.5831458457
0.729791979515
1.58148064381
0.729906882615
1.62527034091
0.488070984913
1.7002759665
0.244876430501
1.62991420277
0.291138435796
1.56390022967
0.282428249349
1.43431304892
0.258627493394
1.31928367036
0.316600520598
1.22372774591
0.224800899112
1.20500033395
0.130773355214
1.15878324267
0.124345535402
1.2239432617
0.13768847082
1.40010016818
0.130941913625
1.18061820398
0.14077627397
1.11190793282
0.117817109026
0.833523105254
0.152254372043
0.886357392323
0.188846734713
0.679629267227
0.191958665537
0.66782227989
0.0688374131001
0.712324151937
0.0755386963291
0.688525443072
0.0645608373678
0.356659338977
0.112045803428
0.523692884966
0.103499031738
0.572452123256
0.0924256007206
0.597783374471
0.0743083797846
0.607544192643
0.0662421626649
0.609440589752
0.0643467920483
0.615443135208
0.0627207302627
0.493902487857
0.219423370264
0.493147080909
0.220417548967
0.493147080909
0.220417548967
0.493147080909
0.220417548967
0.488287213363
0.126815582186
0.488287213363
0.126815582186
0.488287213363
0.126815582186
0.488287213363
0.126815582186
0.477587552243
0.193190951121
0.456006678995
0.222088184518
0.190715724219
0.185387922864
0.406127157735
0.198033695475
0.614433235455
0.156382935867
0.638292100532
0.232928077255
0.687471258808
0.242481877654
0.544575731408
0.325918587565
0.827991192649
0.457347400383
0.928893575843
0.477789075391
0.956203757312
0.492100508738
0.953548052252
0.489415699231
1.06720394773
0.488467834549
1.11055037961
0.489365363989
1.11041467195
0.489658035711
0.871251940461
0.495310370879
0.87200206905
0.494082124174
0.699467062165
0.679927870882
0.607974808623
0.825292048682
0.60375070107
0.841050316434
0.636912451014
0.82818143992
0.595008310209
0.815123585767
0.545565230342
0.713810526422
0.573861119334
0.610080662714
0.577730436511
0.596338804495
0.577970745909
0.59579325291
0.651122208243
0.564674563631
0.784489062106
0.492678204605
0.784572707243
0.492400938531
0.751922938051
0.487149022361
0.704363582622
0.399900921421
0.704462059232
0.399904373382
0.708738309758
0.3996335557
0.811349029051
0.397921111939
0.708094255345
0.395579707837
0.777557538001
0.392039513295
0.646755782962
0.410115824875
0.762944724882
0.212575427237
0.763964469156
0.209534450527
0.835596805883
0.209816064241
0.835607667349
0.209823220427
0.941472569729
0.299468024962
0.87698067575
0.188044963695
0.875125358739
0.187784468349
0.840329839227
0.182493490065
0.913885998685
0.175150537688
0.877493755694
0.158090738037
0.878456326529
0.157238071924
1.10121281915
0.0706036656801
0.661971725565
0.0364334254201
0.775083466588
0.0082070764584
0.775083466588
0.0082070764584
0.775083466588
0.0082070764584
0.775083466588
0.0082070764584
0.912007168776
0.079208337939
0.912007168776
0.079208337939
0.912007168776
0.079208337939
0.912007168776
0.079208337939
0.912007168776
0.079208337939
0.912007168776
0.079208337939
0.912007168776
0.079208337939
0.826049757933
0.104888409399
0.91108270442
0.0790530552294
0.911082706915
0.0790530544722
0.95436963352
0.0659127634866
0.90427475341
0.0482243783378
0.77505328949
0.0470227449887
0.753618183484
-0.0540608387845
0.649272819376
0.000883992761324
0.881783923123
-0.172899686488
0.871876436187
-0.121580540734
0.704819049623
-0.0888912067098
0.772484167136
-0.0938741890522
0.530400271674
-0.169831169148
0.252880806969
-0.0709358554353
-0.0612991771064
0.0713396712
0.0918373130813
0.146507107613
-0.0766976129204
0.219516864411
0.470764083554
0.240220897548
0.542355830079
0.168339659259
0.455903445034
0.17748226827
0.573910708112
0.235193532931
0.873961097041
0.168282860023
0.916993785133
0.139804156802
1.19025775458
0.122030992857
1.36663290223
-0.0171846280754
1.53145957318
-0.0395806806148
1.46545597443
-0.0275708377655
1.51782784066
-0.0185819230444
1.60404754689
-0.0129395772697
1.6100540918
0.0176871954956
1.60847945797
0.0238404705718
1.61074907133
0.0247164237026
1.69142476674
0.014904633884
1.71565405772
0.00749418377323
1.82172563851
0.0452973530725
1.82238780634
0.0452128490481
1.82181423084
0.0451686787881
1.71145916051
0.0603910196885
1.64493059432
0.0657188051088
1.65089233873
0.0644857026155
1.49058630015
0.139847296863
1.54194856749
0.134712745269
1.62629809984
0.0943289570725
1.56549323527
0.11470550368
1.56492074726
0.115328953244
1.48930130726
0.393189065092
1.48785945962
0.398473069375
1.48785843094
0.398474108486
1.48822534484
0.39845133589
1.48812770506
0.398457526529
1.58015410996
0.346050242458
1.54471950734
0.540191958413
1.49039416864
0.800961873077
1.60405987205
0.682562508627
1.47700256271
0.864765209139
1.49371736085
0.870293801776
1.51565934094
0.882054422985
1.56305031342
0.9089940087
1.56833108073
0.905870586215
1.55390711214
0.863928339115
1.55478285774
0.864057741423
1.62420557885
0.860194826614
1.62454373934
0.860456723792
1.62452551773
0.860542598949
1.62444693237
0.860390975197
1.6242986981
0.860225949143
1.75054845484
0.868739350751
1.75053045547
0.868733005788
1.61965328827
0.870760823072
1.61348280728
0.869053220311
1.6129303058
0.869195998307
1.68547008377
0.0395846990241
1.68547008295
0.0395846994221
1.68547008264
0.0395846995711
1.68547008264
0.0395846995711
1.68547008264
0.0395846995711
1.66291267476
-0.00644033848754
1.66291022729
-0.0064453321925
1.62811326781
-0.0117372751442
1.62811323638
-0.011737279925
1.62811323638
-0.011737279925
1.71812008226
-0.0207201756333
1.7399205885
-0.0568643998408
1.73992057006
-0.0568643960155
1.70917196005
-0.0504850159737
1.72487859191
-0.0537436534782
1.57641870726
0.015642306177
1.7156874543
-0.0541301499919
1.7999280159
-0.0635005969729
1.5511737612
-0.000578963950958
1.5511702771
-0.000576843012929
1.5511703758
-0.000576902990137
1.5511703758
-0.000576902990137
1.5511703758
-0.000576902990137
1.5511703758
-0.000576902990137
1.5511703758
-0.000576902990137
1.5511703758
-0.000576902990137
1.5511703758
-0.000576902990137
1.5511703758
-0.000576902990137
1.5511703758
-0.000576902990137
1.5511703758
-0.000576902990137
1.5511703758
-0.000576902990137
1.5511703758
-0.000576902990137
1.5511703758
-0.000576902990137
1.5511703758
-0.000576902990137
1.5511703758
-0.000576902990137
1.5511703758
-0.000576902990137
1.5511703758
-0.000576902990137
1.5511703758
-0.000576902990137
1.5511703758
-0.000576902990137
1.5511703758
-0.000576902990137
1.5511703758
-0.000576902990137
1.5511703758
-0.000576902990137
1.75167197533
0.467341667263
1.75167197533
0.467341667263
1.75167197533
0.467341667263
1.75167197533
0.467341667263
1.75167197533
0.467341667263
1.75167197533
0.467341667263
1.548001341
0.187194691849
1.548001341
0.187194691849
1.548001341
0.187194691849
1.548001341
0.187194691849
1.548001341
0.187194691849
1.548001341
0.187194691849
1.548001341
0.187194691849
1.53724120736
0.529240380897
1.50642255113
0.402551413747
1.56556283425
0.160605088595
1.68261399208
0.0186483225619
1.71805359413
0.0313309608217
1.71805701866
0.0313321229387
1.71805701781
0.0313321231158
1.71802906212
0.0313379230524
1.69333456244
0.0367497896702
1.68354908721
0.0382083731169
1.68354896179
0.0382083991371
1.72285567775
0.0350672566241
1.69213961239
-0.0309483845414
1.71555703758
-0.054023094269
1.71456869769
-0.0541480432089
1.63618427963
-0.0553997628118
1.63618427963
-0.0553997628118
1.63618427963
-0.0553997628118
1.63618427963
-0.0553997628118
1.63618427963
-0.0553997628118
1.63545961844
-0.0549581670305
1.58647875905
-0.025071332004
1.48286790895
0.00177842285014
1.43777446247
0.0226588339074
1.41178255122
0.0346898991062
1.35358979329
0.0629731484765
1.31058176753
0.071112733666
1.27649299372
0.0354383697458
1.2793809744
0.00465932609085
1.2795230018
0.00315429921882
1.2795230018
0.00315429921882
1.33099107634
-0.00975327822863
1.33100038458
-0.00975778982118
1.40065532793
0.00969716685043
1.40148817706
0.00332072185512
1.47528316542
-0.00814731591124
1.47520610725
-0.00829168612148
1.40817359092
-0.0158947908778
1.4454346981
0.00496543838952
1.44565016248
0.00486160152998
1.44602868328
0.00467922428185
1.44667368045
0.00436847151503
1.44771769424
0.0038656773013
1.44848768639
0.0034963922683
1.27425192024
0.0610247345856
1.27265011684
0.0779548374791
1.27245891425
0.0803852857055
1.2721416769
0.083685042852
1.27209650497
0.0841254070605
1.27209650497
0.0841254070605
1.20975953769
0.0759739132744
1.20975953769
0.0759739132744
1.20975953769
0.0759739132744
1.20975953769
0.0759739132744
1.20975953769
0.0759739132744
1.20975953769
0.0759739132744
1.20975953769
0.0759739132744
1.20975953769
0.0759739132744
1.20975953769
0.0759739132744
1.20975953769
0.0759739132744
1.20975953769
0.0759739132744
1.20975953769
0.0759739132744
1.20975953769
0.0759739132744
1.20975953769
0.0759739132744
1.20975953769
0.0759739132744
1.20975953769
0.0759739132744
1.20975953769
0.0759739132744
1.20975953769
0.0759739132744
1.20975953769
0.0759739132744
1.20975953769
0.0759739132744
1.20975953769
0.0759739132744
1.20975953769
0.0759739132744
1.20975953769
0.0759739132744
1.20975953769
0.0759739132744
1.20975953769
0.0759739132744
1.20975953769
0.0759739132744
1.20975953769
0.0759739132744
1.20975953769
0.0759739132744
1.20975953769
0.0759739132744
1.20975953769
0.0759739132744
1.20975953769
0.0759739132744
1.20975953769
0.0759739132744
1.20975953769
0.0759739132744
1.20975953769
0.0759739132744
1.20975953769
0.0759739132744
1.20975953769
0.0759739132744
1.20975953769
0.0759739132744
1.20975953769
0.0759739132744
1.20975953769
0.0759739132744
1.20975953769
0.0759739132744
1.20975953769
0.0759739132744
1.20975953769
0.0759739132744
1.20975953769
0.0759739132744
1.20975953769
0.0759739132744
1.20975953769
0.0759739132744
1.20975953769
0.0759739132744
1.20975953769
0.0759739132744
1.20975953769
0.0759739132744
1.20975953769
0.0759739132744
1.20975953769
0.0759739132744
1.20975953769
0.0759739132744
1.20975953769
0.0759739132744
1.20975953769
0.0759739132744
1.20975953769
0.0759739132744
1.20975953769
0.0759739132744
1.20975953769
0.0759739132744
1.72039646344
0.0874774554368
1.72039646344
0.0874774554368
1.72039646344
0.0874774554368
1.72039646344
0.0874774554368
1.72039646344
0.0874774554368
1.72039646344
0.0874774554368
1.72039646344
0.0874774554368
1.72039646344
0.0874774554368
1.72039646344
0.0874774554368
1.53776635681
0.0437308188062
1.53776635681
0.0437308188062
1.53776635681
0.0437308188062
1.53776635681
0.0437308188062
1.49606074354
0.137812179368
1.65180315187
0.0668197788904
1.76386636874
0.0511388004779
1.71075055539
0.0644880310152
1.64605323878
0.311266285469
1.63503425121
0.350516079428
1.59325670396
0.352168903407
1.59875820983
0.442569832284
1.5555237438
0.605605008838
1.50584089309
0.605676141506
1.64427032848
0.716289098776
1.59655064545
1.00203217083
1.59034678802
1.03619507794
1.67517578574
1.04631974781
1.77275294506
1.02912704763
1.77261657107
1.03134110555
1.76831725419
1.11447830328
1.76287961561
1.21914361038
1.76241980261
1.22516278805
1.76210125429
1.22570860766
1.76148402855
1.22635310553
1.76030258609
1.22761556815
1.75864498328
1.22978874224
1.75729219211
1.232686408
1.67621153145
1.24170123725
1.50281363519
1.20884899958
1.42234598319
1.2276975627
1.43105398763
1.23056102991
1.53765188378
1.2334586734
1.61013390891
0.0890719821548
1.6098613059
0.0894183120034
1.63052312783
0.0510536392414
1.61870881393
0.0650964081966
1.61647767334
0.0660151778016
1.5158999024
0.0786066364892
1.54631769535
0.0905999913386
1.51151610365
0.0853101412364
1.38840266465
0.092817759217
1.47840697413
0.0838345214576
1.4558410415
0.0378100466455
1.51460852606
0.00939667676552
1.47815218888
0.0640107647505
1.47734714493
0.0645019814419
1.46448676136
0.0242663025453
1.40953108157
0.0577988161586
1.32979245943
0.0567377005456
1.32994853146
0.0565995267666
1.32999681452
0.0565567807878
1.33001201584
0.0565433227395
1.33002396952
0.0565327426618
1.33002744244
0.056529693412
1.33002947104
0.0565280446822
1.33003194296
0.0565263486669
1.33003548349
0.0565241004704
1.33003802122
0.0565225109549
1.33003786464
0.0565225896882
1.33003786464
0.0565225896882
1.33003786464
0.0565225896882
1.33003786464
0.0565225896882
1.33003786464
0.0565225896882
1.33003786464
0.0565225896882
1.33003786464
0.0565225896882
1.33003786464
0.0565225896882
1.49793544797
0.799524286693
1.49793544797
0.799524286693
1.49793544797
0.799524286693
1.49793544797
0.799524286693
1.49793544797
0.799524286693
1.49793544797
0.799524286693
1.49793544797
0.799524286693
1.7156874543
-0.0541301499875
1.7156874543
-0.0541301499875
1.7156874543
-0.0541301499875
1.7156874543
-0.0541301499875
1.7156874543
-0.0541301499875
1.7156874543
-0.0541301499875
1.7156874543
-0.0541301499875
1.7156874543
-0.0541301499875
1.7156874543
-0.0541301499875
1.7156874543
-0.0541301499875
1.7156874543
-0.0541301499875
1.7156874543
-0.0541301499875
1.7156874543
-0.0541301499875
1.7156874543
-0.0541301499875
1.7156874543
-0.0541301499875
1.7156874543
-0.0541301499875
1.7156874543
-0.0541301499875
1.7156874543
-0.0541301499875
1.7156874543
-0.0541301499875
1.7156874543
-0.0541301499875
1.7156874543
-0.0541301499875
1.7156874543
-0.0541301499875
1.7156874543
-0.0541301499875
1.7156874543
-0.0541301499875
1.7156874543
-0.0541301499875
1.7156874543
-0.0541301499875
1.7156874543
-0.0541301499875
1.7156874543
-0.0541301499875
1.7156874543
-0.0541301499875
1.7156874543
-0.0541301499875
1.7156874543
-0.0541301499875
1.7156874543
-0.0541301499875
1.7156874543
-0.0541301499875
1.7156874543
-0.0541301499875
1.7156874543
-0.0541301499875
1.7156874543
-0.0541301499875
1.7156874543
-0.0541301499875
1.7156874543
-0.0541301499875
1.7156874543
-0.0541301499875
1.7156874543
-0.0541301499875
1.7156874543
-0.0541301499875
1.7156874543
-0.0541301499875
1.7156874543
-0.0541301499875
1.7156874543
-0.0541301499875
1.7156874543
-0.0541301499875
1.7156874543
-0.0541301499875
1.7156874543
-0.0541301499875
1.7156874543
-0.0541301499875
1.7156874543
-0.0541301499875
1.49793544797
0.799524286693
1.49793544797
0.799524286693
1.49793544797
0.799524286693
1.49793544797
0.799524286693
1.49793544797
0.799524286693
1.49793544797
0.799524286693
1.49793544797
0.799524286693
1.49793544797
0.799524286693
1.49793544797
0.799524286693
1.49793544797
0.799524286693
1.7156874543
-0.0541301499875
1.7156874543
-0.0541301499875
1.7156874543
-0.0541301499875
1.7156874543
-0.0541301499875
1.7156874543
-0.0541301499875
1.7156874543
-0.0541301499875
1.7156874543
-0.0541301499875
1.7156874543
-0.0541301499875
1.7156874543
-0.0541301499875
1.7156874543
-0.0541301499875
1.7156874543
-0.0541301499875
1.7156874543
-0.0541301499875
1.7156874543
-0.0541301499875
1.7156874543
-0.0541301499875
1.7156874543
-0.0541301499875
1.7156874543
-0.0541301499875
1.7156874543
-0.0541301499875
1.7156874543
-0.0541301499875
1.7156874543
-0.0541301499875
1.7156874543
-0.0541301499875
1.7156874543
-0.0541301499875
1.7156874543
-0.0541301499875
1.7156874543
-0.0541301499875
1.7156874543
-0.0541301499875
1.7156874543
-0.0541301499875
1.7156874543
-0.0541301499875
1.7156874543
-0.0541301499875
1.7156874543
-0.0541301499875
1.7156874543
-0.0541301499875
1.7156874543
-0.0541301499875
1.7156874543
-0.0541301499875
1.7156874543
-0.0541301499875
1.7156874543
-0.0541301499875
1.7156874543
-0.0541301499875
1.7156874543
-0.0541301499875
1.7156874543
-0.0541301499875
1.7156874543
-0.0541301499875
1.7156874543
-0.0541301499875
1.7156874543
-0.0541301499875
1.7156874543
-0.0541301499875
1.7156874543
-0.0541301499875
1.7156874543
-0.0541301499875
1.7156874543
-0.0541301499875
1.7156874543
-0.0541301499875
1.7156874543
-0.0541301499875
1.7156874543
-0.0541301499875
1.7156874543
-0.0541301499875
1.7156874543
-0.0541301499875
1.7156874543
-0.0541301499875
1.49793544797
0.799524286693
1.49793544797
0.799524286693
1.49793544797
0.799524286693
1.49793544797
0.799524286693
1.49793544797
0.799524286693
1.49793544797
0.799524286693
1.7156874543
-0.0541301499875
1.7156874543
-0.0541301499875
1.7156874543
-0.0541301499875
1.7156874543
-0.0541301499875
1.7156874543
-0.0541301499875
1.7156874543
-0.0541301499875
1.7156874543
-0.0541301499875
1.7156874543
-0.0541301499875
1.7156874543
-0.0541301499875
1.7156874543
-0.0541301499875
1.7156874543
-0.0541301499875
1.7156874543
-0.0541301499875
1.7156874543
-0.0541301499875
1.7156874543
-0.0541301499875
1.7156874543
-0.0541301499875
1.7156874543
-0.0541301499875
1.7156874543
-0.0541301499875
1.7156874543
-0.0541301499875
1.7156874543
-0.0541301499875
1.7156874543
-0.0541301499875
1.7156874543
-0.0541301499875
1.7156874543
-0.0541301499875
1.7156874543
-0.0541301499875
1.7156874543
-0.0541301499875
1.7156874543
-0.0541301499875
1.7156874543
-0.0541301499875
1.7156874543
-0.0541301499875
1.7156874543
-0.0541301499875
1.7156874543
-0.0541301499875
1.7156874543
-0.0541301499875
1.7156874543
-0.0541301499875
1.7156874543
-0.0541301499875
1.7156874543
-0.0541301499875
1.7156874543
-0.0541301499875
1.7156874543
-0.0541301499875
1.7156874543
-0.0541301499875
1.7156874543
-0.0541301499875
1.7156874543
-0.0541301499875
1.7156874543
-0.0541301499875
1.7156874543
-0.0541301499875
1.7156874543
-0.0541301499875
1.7156874543
-0.0541301499875
1.7156874543
-0.0541301499875
1.7156874543
-0.0541301499875
1.7156874543
-0.0541301499875
1.7156874543
-0.0541301499875
1.7156874543
-0.0541301499875
1.7156874543
-0.0541301499875
1.7156874543
-0.0541301499875
1.49793544797
0.799524286693
1.49793544797
0.799524286693
1.49793544797
0.799524286693
1.49793544797
0.799524286693
1.49793544797
0.799524286693
1.7156874543
-0.0541301499875
1.7156874543
-0.0541301499875
1.7156874543
-0.0541301499875
1.7156874543
-0.0541301499875
1.7156874543
-0.0541301499875
1.7156874543
-0.0541301499875
1.7156874543
-0.0541301499875
1.7156874543
-0.0541301499875
1.7156874543
-0.0541301499875
1.7156874543
-0.0541301499875
1.7156874543
-0.0541301499875
1.7156874543
-0.0541301499875
1.7156874543
-0.0541301499875
1.7156874543
-0.0541301499875
1.7156874543
-0.0541301499875
1.7156874543
-0.0541301499875
1.7156874543
-0.0541301499875
1.7156874543
-0.0541301499875
1.7156874543
-0.0541301499875
1.7156874543
-0.0541301499875
1.7156874543
-0.0541301499875
1.7156874543
-0.0541301499875
1.7156874543
-0.0541301499875
1.7156874543
-0.0541301499875
1.7156874543
-0.0541301499875
1.7156874543
-0.0541301499875
1.7156874543
-0.0541301499875
1.7156874543
-0.0541301499875
1.7156874543
-0.0541301499875
1.7156874543
-0.0541301499875
1.7156874543
-0.0541301499875
1.7156874543
-0.0541301499875
1.7156874543
-0.0541301499875
1.7156874543
-0.0541301499875
1.7156874543
-0.0541301499875
1.7156874543
-0.0541301499875
1.7156874543
-0.0541301499875
1.7156874543
-0.0541301499875
1.7156874543
-0.0541301499875
1.7156874543
-0.0541301499875
1.7156874543
-0.0541301499875
1.7156874543
-0.0541301499875
1.7156874543
-0.0541301499875
1.7156874543
-0.0541301499875
1.7156874543
-0.0541301499875
1.7156874543
-0.0541301499875
1.7156874543
-0.0541301499875
1.7156874543
-0.0541301499875
1.7156874543
-0.0541301499875
1.49793544797
0.799524286693
1.49793544797
0.799524286693
1.49793544797
0.799524286693
1.49793544797
0.799524286693
1.49793544797
0.799524286693
1.49793544797
0.799524286693
1.49793544797
0.799524286693
1.7156874543
-0.0541301499875
1.7156874543
-0.0541301499875
1.7156874543
-0.0541301499875
1.7156874543
-0.0541301499875
1.7156874543
-0.0541301499875
1.7156874543
-0.0541301499875
1.7156874543
-0.0541301499875
1.7156874543
-0.0541301499875
1.7156874543
-0.0541301499875
1.7156874543
-0.0541301499875
1.7156874543
-0.0541301499875
1.7156874543
-0.0541301499875
1.7156874543
-0.0541301499875
1.7156874543
-0.0541301499875
1.7156874543
-0.0541301499875
1.7156874543
-0.0541301499875
1.7156874543
-0.0541301499875
1.7156874543
-0.0541301499875
1.7156874543
-0.0541301499875
1.7156874543
-0.0541301499875
1.7156874543
-0.0541301499875
1.7156874543
-0.0541301499875
1.7156874543
-0.0541301499875
1.7156874543
-0.0541301499875
1.7156874543
-0.0541301499875
1.7156874543
-0.0541301499875
1.7156874543
-0.0541301499875
1.7156874543
-0.0541301499875
1.7156874543
-0.0541301499875
1.7156874543
-0.0541301499875
1.7156874543
-0.0541301499875
1.7156874543
-0.0541301499875
1.7156874543
-0.0541301499875
1.7156874543
-0.0541301499875
1.7156874543
-0.0541301499875
1.7156874543
-0.0541301499875
1.7156874543
-0.0541301499875
1.7156874543
-0.0541301499875
1.7156874543
-0.0541301499875
1.7156874543
-0.0541301499875
1.7156874543
-0.0541301499875
1.7156874543
-0.0541301499875
1.7156874543
-0.0541301499875
1.7156874543
-0.0541301499875
1.7156874543
-0.0541301499875
1.7156874543
-0.0541301499875
1.7156874543
-0.0541301499875
1.7156874543
-0.0541301499875
1.7156874543
-0.0541301499875
1.49793544797
0.799524286693
1.49793544797
0.799524286693
1.49793544797
0.799524286693
1.49793544797
0.799524286693
1.49793544797
0.799524286693
1.49793544797
0.799524286693
1.49793544797
0.799524286693
1.49793544797
0.799524286693
1.49793544797
0.799524286693
1.49793544797
0.799524286693
1.49793544797
0.799524286693
1.49793544797
0.799524286693
1.49793544797
0.799524286693
1.49793544797
0.799524286693
1.49793544797
0.799524286693
1.7156874543
-0.0541301499875
1.7156874543
-0.0541301499875
1.7156874543
-0.0541301499875
1.7156874543
-0.0541301499875
1.7156874543
-0.0541301499875
1.7156874543
-0.0541301499875
1.7156874543
-0.0541301499875
1.7156874543
-0.0541301499875
1.7156874543
-0.0541301499875
1.7156874543
-0.0541301499875
1.7156874543
-0.0541301499875
1.7156874543
-0.0541301499875
1.7156874543
-0.0541301499875
1.7156874543
-0.0541301499875
1.7156874543
-0.0541301499875
1.7156874543
-0.0541301499875
1.7156874543
-0.0541301499875
1.7156874543
-0.0541301499875
1.7156874543
-0.0541301499875
1.7156874543
-0.0541301499875
1.7156874543
-0.0541301499875
1.7156874543
-0.0541301499875
1.7156874543
-0.0541301499875
1.7156874543
-0.0541301499875
1.7156874543
-0.0541301499875
1.7156874543
-0.0541301499875
1.7156874543
-0.0541301499875
1.7156874543
-0.0541301499875
1.7156874543
-0.0541301499875
1.7156874543
-0.0541301499875
1.7156874543
-0.0541301499875
1.7156874543
-0.0541301499875
1.7156874543
-0.0541301499875
1.7156874543
-0.0541301499875
1.7156874543
-0.0541301499875
1.7156874543
-0.0541301499875
1.7156874543
-0.0541301499875
1.7156874543
-0.0541301499875
1.7156874543
-0.0541301499875
1.7156874543
-0.0541301499875
1.7156874543
-0.0541301499875
1.7156874543
-0.0541301499875
1.7156874543
-0.0541301499875
1.7156874543
-0.0541301499875
1.7156874543
-0.0541301499875
1.7156874543
-0.0541301499875
1.7156874543
-0.0541301499875
1.7156874543
-0.0541301499875
1.7156874543
-0.0541301499875
1.49793544797
0.799524286693
1.49793544797
0.799524286693
1.49793544797
0.799524286693
1.49793544797
0.799524286693
1.49793544797
0.799524286693
1.49793544797
0.799524286693
1.49793544797
0.799524286693
1.49793544797
0.799524286693
1.49793544797
0.799524286693
1.49793544797
0.799524286693
1.49793544797
0.799524286693
1.49793544797
0.799524286693
1.49793544797
0.799524286693
1.49793544797
0.799524286693
1.49793544797
0.799524286693
1.49793544797
0.799524286693
1.49793544797
0.799524286693
1.49793544797
0.799524286693
1.49793544797
0.799524286693
1.49793544797
0.799524286693
1.49793544797
0.799524286693
1.49793544797
0.799524286693
1.49793544797
0.799524286693
1.49793544797
0.799524286693
1.49793544797
0.799524286693
1.49793544797
0.799524286693
1.49793544797
0.799524286693
1.7156874543
-0.0541301499875
1.7156874543
-0.0541301499875
1.7156874543
-0.0541301499875
1.7156874543
-0.0541301499875
1.7156874543
-0.0541301499875
1.7156874543
-0.0541301499875
1.7156874543
-0.0541301499875
1.7156874543
-0.0541301499875
1.7156874543
-0.0541301499875
1.7156874543
-0.0541301499875
1.7156874543
-0.0541301499875
1.7156874543
-0.0541301499875
1.7156874543
-0.0541301499875
1.7156874543
-0.0541301499875
1.7156874543
-0.0541301499875
1.7156874543
-0.0541301499875
1.7156874543
-0.0541301499875
1.7156874543
-0.0541301499875
1.7156874543
-0.0541301499875
1.7156874543
-0.0541301499875
1.7156874543
-0.0541301499875
1.7156874543
-0.0541301499875
1.7156874543
-0.0541301499875
1.7156874543
-0.0541301499875
1.7156874543
-0.0541301499875
1.7156874543
-0.0541301499875
1.7156874543
-0.0541301499875
1.7156874543
-0.0541301499875
1.7156874543
-0.0541301499875
1.7156874543
-0.0541301499875
1.7156874543
-0.0541301499875
1.7156874543
-0.0541301499875
1.7156874543
-0.0541301499875
1.7156874543
-0.0541301499875
1.7156874543
-0.0541301499875
1.7156874543
-0.0541301499875
1.7156874543
-0.0541301499875
1.7156874543
-0.0541301499875
1.7156874543
-0.0541301499875
1.7156874543
-0.0541301499875
1.7156874543
-0.0541301499875
1.7156874543
-0.0541301499875
1.7156874543
-0.0541301499875
1.7156874543
-0.0541301499875
1.7156874543
-0.0541301499875
1.7156874543
-0.0541301499875
1.7156874543
-0.0541301499875
1.7156874543
-0.0541301499875
1.7156874543
-0.0541301499875
1.7156874543
-0.0541301499875
1.7156874543
-0.0541301499875
1.7156874543
-0.0541301499875
1.7156874543
-0.0541301499875
1.7156874543
-0.0541301499875
1.7156874543
-0.0541301499875
1.7156874543
-0.0541301499875
1.7156874543
-0.0541301499875
1.7156874543
-0.0541301499875
1.7156874543
-0.0541301499875
1.7156874543
-0.0541301499875
1.7156874543
-0.0541301499875
1.7156874543
-0.0541301499875
1.7156874543
-0.0541301499875
1.7156874543
-0.0541301499875
1.7156874543
-0.0541301499875
1.7156874543
-0.0541301499875
1.7156874543
-0.0541301499875
1.7156874543
-0.0541301499875
1.7156874543
-0.0541301499875
1.7156874543
-0.0541301499875
1.7156874543
-0.0541301499875
1.7156874543
-0.0541301499875
1.7156874543
-0.0541301499875
1.7156874543
-0.0541301499875
1.7156874543
-0.0541301499875
1.7156874543
-0.0541301499875
1.7156874543
-0.0541301499875
1.7156874543
-0.0541301499875
1.7156874543
-0.0541301499875
1.7156874543
-0.0541301499875
1.7156874543
-0.0541301499875
1.7156874543
-0.0541301499875
1.7156874543
-0.0541301499875
1.7156874543
-0.0541301499875
1.7156874543
-0.0541301499875
1.7156874543
-0.0541301499875
1.7156874543
-0.0541301499875
1.7156874543
-0.0541301499875
1.7156874543
-0.0541301499875
1.7156874543
-0.0541301499875
1.7156874543
-0.0541301499875
1.7156874543
-0.0541301499875
1.7156874543
-0.0541301499875
1.7156874543
-0.0541301499875
1.7156874543
-0.0541301499875
1.7156874543
-0.0541301499875
1.7156874543
-0.0541301499875
1.7156874543
-0.0541301499875
1.49793544797
0.799524286693
1.49793544797
0.799524286693
1.49793544797
0.799524286693
1.49793544797
0.799524286693
1.49793544797
0.799524286693
1.49793544797
0.799524286693
1.49793544797
0.799524286693
1.49793544797
0.799524286693
1.49793544797
0.799524286693
1.49793544797
0.799524286693
1.50779169644
0.515428162793
1.56292363518
0.154820967081
1.66276898264
0.152720443615
1.66897292181
0.148543348916
1.64843592331
0.0853962224027
1.65096961202
0.0837562351754
1.65353572458
0.0814011180968
1.65731054569
0.0774474025966
1.66569841724
0.049127374734
1.64062692915
0.0188794711244
1.70795991135
0.0107229124197
1.71140811719
0.00696464676796
1.7033273632
0.00409011247578
1.6342226
-0.00255828076028
1.63303558015
-0.00316803750622
1.44578771684
0.00479531918873
1.44708570589
0.00416996744877
1.45028824317
0.00267047488014
1.56080326256
-0.00698505026801
1.52791343697
-0.000656001944099
1.35152781651
0.0336747082195
1.25175830715
0.0997628112821
1.14002768682
0.0898391557464
1.18613209106
0.0402688712187
1.14897781716
0.0941730723894
1.26286241481
0.105335405711
1.15746580566
0.0938020733052
1.19216374407
0.0670806565457
1.19223419395
0.0670264351431
1.19223407667
0.0670263629881
1.15166404622
0.0481212967037
1.03496183311
0.0805280563967
1.12098519948
0.112732318451
0.975162963667
0.121461174941
0.730111845976
0.194483405533
0.728631436768
0.194647216626
0.568144565448
0.0957367334304
0.502785618243
0.0779283943245
0.688938133904
0.0904406074993
0.817878975339
0.0862533135102
0.687708311788
0.0365819451854
0.35256452495
0.0650903274316
0.352536339696
0.0650954076089
0.352536314869
0.065095408509
0.467425262225
0.0398163642124
0.467425237121
0.0398163615362
0.467425270641
0.039816352173
0.46742585917
0.0398163777096
0.467440209169
0.0398184582565
0.467938000391
0.0398981024637
0.483165514668
0.0423543270449
0.549728548528
0.0531117607913
0.307852385864
0.106569955605
0.306290945832
0.118008949686
0.328398912146
0.113908145632
0.104955715251
0.0942808627196
0.00727855725322
0.107456283407
0.138266149418
0.124318143822
0.450527608757
0.0586760034452
0.383672476453
0.0612640960241
0.347249953284
0.0823491390504
0.344015114783
0.0829443524712
0.34203457531
0.082974104329
0.27681809824
0.0903720097719
0.249978727829
0.0935339347084
0.250068414308
0.0938306558
0.249935650504
0.0938893368995
0.249935650504
0.0938893368995
0.249935650504
0.0938893368995
0.249935650504
0.0938893368995
0.249935650504
0.0938893368995
0.249935650504
0.0938893368995
0.249935650504
0.0938893368995
0.249935650504
0.0938893368995
0.249935650504
0.0938893368995
0.249935650504
0.0938893368995
0.249935650504
0.0938893368995
0.249935650504
0.0938893368995
0.249935650504
0.0938893368995
0.249935650504
0.0938893368995
0.249935650504
0.0938893368995
0.249935650504
0.0938893368995
0.249935650504
0.0938893368995
0.249935650504
0.0938893368995
0.249935650504
0.0938893368995
0.249935650504
0.0938893368995
0.249935650504
0.0938893368995
0.249935650504
0.0938893368995
0.249935650504
0.0938893368995
0.249935650504
0.0938893368995
0.249935650504
0.0938893368995
0.249935650504
0.0938893368995
-0.0957036098264
-0.0454167111593
-0.0885882801317
-0.0472375828385
0.0103852223884
-0.0291011260121
0.0518472341584
-0.0286913427518
0.113532146237
-0.0287583149824
0.164285621595
-0.0377694524681
0.325893594468
-0.0651123128653
0.335094993374
-0.068219216834
0.494786761416
0.0950588060623
0.47339761863
0.116647364647
0.459392951656
0.126430009088
0.520603687132
0.12714306095
0.509486017712
0.135458419173
0.506583983254
0.137170059224
0.506583983254
0.137170059224
0.506583983254
0.137170059224
0.506583983254
0.137170059224
0.506583983254
0.137170059224
0.506583983254
0.137170059224
0.506583983254
0.137170059224
0.506583983254
0.137170059224
0.506583983254
0.137170059224
0.506583983254
0.137170059224
0.506583983254
0.137170059224
0.506583983254
0.137170059224
0.506583983254
0.137170059224
0.506583983254
0.137170059224
0.506583983254
0.137170059224
0.506583983254
0.137170059224
0.506583983254
0.137170059224
0.506583983254
0.137170059224
0.506583983254
0.137170059224
0.506583983254
0.137170059224
0.506583983254
0.137170059224
0.506583983254
0.137170059224
0.506583983254
0.137170059224
0.506583983254
0.137170059224
0.506583983254
0.137170059224
0.506583983254
0.137170059224
0.506583983254
0.137170059224
0.506583983254
0.137170059224
0.506583983254
0.137170059224
0.506583983254
0.137170059224
0.506583983254
0.137170059224
0.506583983254
0.137170059224
0.506583983254
0.137170059224
0.506583983254
0.137170059224
0.506583983254
0.137170059224
0.506583983254
0.137170059224
0.506583983254
0.137170059224
0.506583983254
0.137170059224
0.506583983254
0.137170059224
0.506583983254
0.137170059224
0.280027491826
-0.154403962508
0.280027491826
-0.154403962508
0.280027491826
-0.154403962508
0.280027491826
-0.154403962508
0.280027491826
-0.154403962508
0.280027491826
-0.154403962508
0.280027491826
-0.154403962508
0.280027491826
-0.154403962508
0.280027491826
-0.154403962508
0.280027491826
-0.154403962508
0.280027491826
-0.154403962508
0.280027491826
-0.154403962508
0.280027491826
-0.154403962508
0.280027491826
-0.154403962508
0.280027491826
-0.154403962508
0.271925028151
-0.151597966738
0.32438149055
-0.165648020318
0.388396797008
-0.193753381748
0.335684162151
-0.0877677394571
0.338316900384
-0.103727542617
0.336699342931
-0.10351948466
0.339106628435
-0.103965093068
0.298819709949
0.188702979075
0.576694802668
0.0520036332832
0.632294289687
0.215080690168
0.807486448202
0.180829401895
0.792467708675
0.181468973742
0.405355295214
0.214979710563
0.561413509408
0.322783463593
0.675825747025
0.287778590861
0.707831597751
0.363762987011
0.629544373834
0.504708775729
0.629557214339
0.504733666736
0.629557190783
0.504733647691
0.743468608293
0.486599981255
0.658725177841
0.508855607802
0.65872291549
0.50885927516
0.658722963547
0.508857320404
0.784628899021
0.492498041654
0.784647408164
0.492521521838
0.784956683237
0.492507229298
0.777982126498
0.491632074212
0.792733907845
0.487047109803
0.703688647417
0.399909745427
0.793376018804
0.38708556145
0.759122277292
0.385193556042
0.759355168442
0.385178708152
0.759327908419
0.38518042547
0.785506094894
0.383521957874
0.784540507459
0.383586426269
0.753473234613
0.395977030427
0.753471231605
0.395977138305
0.723719532539
0.557694132045
0.723719561586
0.557694130066
0.723719577059
0.557694128715
0.634884947622
0.570512808731
0.63474139688
0.570535989326
0.652224385631
0.51777017914
0.681508871695
0.509802183343
0.681652849839
0.509763730034
0.68165286417
0.509763727729
0.723719790819
0.557694077184
0.723721501742
0.557693540511
0.723720354573
0.557693885337
0.760244618533
0.404937157324
0.669613269789
0.939949325409
0.642829770369
0.956072310843
0.652950730875
0.955759994721
0.718568983317
0.952873620733
0.732804921884
0.951396352312
0.822752748982
0.941833455904
0.822709445286
0.941863335385
0.825614707679
0.942376673162
0.834935658275
0.94263009826
0.849333707947
0.943053369498
0.860700968251
0.944339021653
0.940381473468
0.947779082434
0.936093401395
0.954874900874
0.959652391391
1.01381732995
0.916753173384
1.04685986211
0.90766541919
1.04605721126
0.854377815821
1.04564289625
0.837583623151
1.04607593558
0.831736679248
1.04603682021
0.759336873728
1.04798603293
0.770219222357
1.04455369977
0.802001899694
1.03800303235
0.823507277101
1.0316749245
0.816900248352
1.01239814023
0.803251105293
1.00668090188
0.752724032827
0.94633493405
0.876954955418
0.676275749927
0.982843743823
0.39626279938
0.995828095722
0.388933824575
0.942013899037
0.377224343457
0.829878397287
0.158164285599
0.759982493303
0.132713628729
0.882758453712
0.119482402769
0.816918557246
0.182335133302
0.704552735361
0.216624041591
0.718453763595
0.110990793462
0.678756172826
0.134548014521
0.594452695488
0.123062390144
0.68849623904
0.10656793596
0.613788907373
0.114617787321
0.613788907373
0.114617787321
0.609275014788
0.130903711581
0.77735242683
0.163525740901
0.679979205068
0.182078951817
0.700159453632
-0.00877709706968
0.598950165681
-0.0163645268786
0.53525534206
0.0845235079614
0.535261391395
0.0845430599384
0.535264878212
0.0845430941854
0.577055285414
0.131384053163
0.571961320306
0.125674374127
0.586595566393
0.142019324015
0.586650540778
0.142019832407
0.585975994754
0.142075773407
0.513978660652
0.147417496631
0.514035203971
0.147418021643
0.514054930202
0.147418204067
0.514030644852
0.147417979481
0.5140306448
0.14741797948
0.5140306448
0.14741797948
0.5140306448
0.14741797948
0.5140306448
0.14741797948
0.5140306448
0.14741797948
0.5140306448
0.14741797948
0.5140306448
0.14741797948
0.5140306448
0.14741797948
0.5140306448
0.14741797948
0.5140306448
0.14741797948
0.5140306448
0.14741797948
0.700749378492
-0.0588105905512
0.700749378492
-0.0588105905512
0.700749378492
-0.0588105905512
0.700749378492
-0.0588105905512
0.700749378492
-0.0588105905512
0.647462896025
-0.0507763060058
0.647462896025
-0.0507763060058
0.647462896025
-0.0507763060058
0.416336784301
-0.0379903819717
0.416336784301
-0.0379903819717
0.416336784301
-0.0379903819717
0.416336784301
-0.0379903819717
0.202636381675
0.028475706618
0.329221031157
0.268827927504
0.195150923163
0.20551587516
0.260370802286
0.225518856943
0.599088291258
0.235452146775
0.722820184857
0.307308566642
0.686121387144
0.350799224867
0.84428788618
0.347440585633
0.617084267177
0.429607276796
0.492845907323
0.403018429679
0.312621510874
0.697074724125
0.147715613446
0.785016355907
0.276964139158
0.796297180963
0.346227942819
0.803825210495
0.251949194514
0.778307061405
0.0679190308259
0.801697280656
0.191831617805
0.807632676381
0.242308786675
0.8198900272
0.481493104373
0.2714673568
0.818979139797
0.279852259018
0.819850635696
0.279695137749
0.819850635696
0.279695137749
0.767017132743
0.291542620684
0.811631633017
0.337224036642
0.811631636722
0.337224036114
0.81170997984
0.337218227221
0.984848514301
0.350136548661
1.00969851645
0.346747251791
0.947852949673
0.314928699703
1.17766926271
0.296414551678
1.31548840629
0.282279918428
1.28843411448
0.278162506845
1.29198475984
0.278219329147
1.24668695995
0.273771239895
1.20036380064
0.266429392505
1.05628030649
0.280587232577
1.05350993874
0.280406567648
1.01012010869
0.156695233276
1.08274043536
0.256495894036
1.06955449356
0.244633873782
1.22627321979
0.230642446074
1.13791889047
0.196408446103
1.17081506234
0.148727650046
1.19119905149
0.076923095551
1.18200900346
0.0950476396728
1.18200734454
0.0950484433469
1.21270000106
0.106925834346
1.10854461623
0.126708563105
1.03354830049
0.157008113965
1.10330427876
0.106588485503
1.12294094201
0.103560699431
1.06442280759
0.113374062665
1.06438725027
0.113384388786
1.06412907426
0.113557698269
1.06329184036
0.114162407694
1.06205332284
0.115050244815
1.06178993595
0.115142104631
1.06387490557
0.113352318348
1.06402567631
0.113222474426
1.06402567631
0.113222474426
1.06402567631
0.113222474426
1.06402567631
0.113222474426
1.06402567631
0.113222474426
1.06402567631
0.113222474426
1.06402567631
0.113222474426
1.06402567631
0.113222474426
1.06402567631
0.113222474426
1.06402567631
0.113222474426
1.59316118408
0.137207307126
1.59316118408
0.137207307126
1.59316118408
0.137207307126
1.59316118408
0.137207307126
1.59316118408
0.137207307126
1.59316118408
0.137207307126
1.59316118408
0.137207307126
1.59316118408
0.137207307126
1.59316118408
0.137207307126
1.59316118408
0.137207307126
1.59316118408
0.137207307126
1.59316118408
0.137207307126
1.59316118408
0.137207307126
1.59316118408
0.137207307126
1.59316118408
0.137207307126
1.59316118408
0.137207307126
1.59316118408
0.137207307126
1.59316118408
0.137207307126
1.59316118408
0.137207307126
1.59316118408
0.137207307126
1.59316118408
0.137207307126
1.59316118408
0.137207307126
1.65562712373
0.129461121247
1.68194645969
0.113702139102
1.7174627346
0.0894553126122
1.72213029114
0.0863686812905
1.72271178426
0.086107306429
1.72313420905
0.0859746757417
1.72271178426
0.086107306429
1.72213029114
0.0863686812905
1.72213029114
0.0863686812905
1.72213029114
0.0863686812905
1.72213029114
0.0863686812905
1.72213029114
0.0863686812905
1.72213029114
0.0863686812905
1.72213029114
0.0863686812905
1.72213029114
0.0863686812905
1.72213029114
0.0863686812905
1.72213029114
0.0863686812905
1.72213029114
0.0863686812905
1.72213029114
0.0863686812905
1.72213029114
0.0863686812905
1.72213029114
0.0863686812905
1.72213029114
0.0863686812905
1.72213029114
0.0863686812905
1.72213029114
0.0863686812905
1.72213029114
0.0863686812905
1.72213029114
0.0863686812905
1.72213029114
0.0863686812905
1.72213029114
0.0863686812905
1.72213029114
0.0863686812905
1.72213029114
0.0863686812905
1.72213029114
0.0863686812905
1.72213029114
0.0863686812905
1.72213029114
0.0863686812905
1.72213029114
0.0863686812905
1.72213029114
0.0863686812905
1.72213029114
0.0863686812905
1.72213029114
0.0863686812905
1.72213029114
0.0863686812905
1.72213029114
0.0863686812905
1.72213029114
0.0863686812905
1.72213029114
0.0863686812905
1.72213029114
0.0863686812905
1.72213029114
0.0863686812905
1.72213029114
0.0863686812905
1.72213029114
0.0863686812905
1.72213029114
0.0863686812905
1.72213029114
0.0863686812905
1.72213029114
0.0863686812905
1.72213029114
0.0863686812905
1.72213029114
0.0863686812905
1.72213029114
0.0863686812905
1.72213029114
0.0863686812905
1.72213029114
0.0863686812905
1.72213029114
0.0863686812905
1.72213029114
0.0863686812905
1.72213029114
0.0863686812905
1.72213029114
0.0863686812905
1.72213029114
0.0863686812905
1.72213029114
0.0863686812905
1.72213029114
0.0863686812905
1.72213029114
0.0863686812905
1.72213029114
0.0863686812905
1.72213029114
0.0863686812905
1.72213029114
0.0863686812905
1.72213029114
0.0863686812905
1.72213029114
0.0863686812905
1.72213029114
0.0863686812905
1.72213029114
0.0863686812905
1.72213029114
0.0863686812905
1.72213029114
0.0863686812905
1.72213029114
0.0863686812905
1.72213029114
0.0863686812905
1.72213029114
0.0863686812905
1.72213029114
0.0863686812905
1.72213029114
0.0863686812905
1.72213029114
0.0863686812905
1.72213029114
0.0863686812905
