1.98289738961
1.97335148719
1.89249053535
1.89239930943
1.89213881923
1.89140881468
1.88945362886
1.88366485926
1.86709361993
1.85957787269
1.85956786803
1.80324028909
1.80324026965
1.80324011829
1.80323972415
1.80298936061
1.78139056105
1.73481242363
1.71013366995
1.66337158834
1.64892288708
1.64236000493
1.64069599593
1.63757505115
1.62643835471
1.6148904932
1.60950042841
1.60892807694
1.60892246132
1.60892235877
1.60193836903
1.60016363307
1.59695227257
1.59446152071
1.59237064679
1.59237064679
1.59237064679
1.59237064679
1.59237064679
1.59237064679
1.56591074849
1.56591074849
1.56591074849
1.56591074849
1.56591074849
1.56591074849
1.55953703216
1.55802452612
1.55781954096
1.5282848094
1.52378369472
1.50546087739
1.50027670754
1.49637611312
1.49145624579
1.49084317663
1.48975978052
1.48525076981
1.48230540249
1.47668097886
1.47541032562
1.47162573818
1.46779447789
1.46779447789
1.46779447789
1.46779447789
1.46779447789
1.46779447789
1.46779447789
1.46779447789
1.46779447789
1.46779447789
1.46779447789
1.46779447789
1.46779447789
1.46779447789
1.46779447789
1.46779447789
1.46779447789
1.46779447789
1.46779447789
1.46779447789
1.46779447789
1.46779447789
1.46745012769
1.46745012769
1.46745012769
1.46745012769
1.465972986
1.45911636028
1.44660824908
1.44610222422
1.44491811292
1.44220033893
1.43316345815
1.43316342819
1.43313212443
1.43114856123
1.42605296344
1.41137667592
1.41137456455
1.41137453444
1.41137425852
1.41137276342
1.41136811819
1.39575465799
1.39341774842
1.37966791095
1.37130259169
1.36982842183
1.36509828497
1.35940587797
1.35881815711
1.35855876832
1.35816498757
1.34862572195
1.31243715198
1.30917032055
1.28879894712
1.2806402955
1.27184657704
1.26177945738
1.24828625563
1.21138757446
1.21012508032
1.21005596431
1.21005596431
1.20941915672
1.1977780739
1.17708767742
1.17708404369
1.17708392539
1.17662856985
1.13913364084
1.0772625315
1.07700204418
1.07197860457
1.06754318081
1.05011144586
1.0160276366
0.912815872483
0.9036986801
0.885413765771
0.854001590496
0.850062848942
0.84447782399
0.830981290097
0.830981290097
0.830981290097
0.830981290097
0.830981290097
0.830981290097
0.830981290097
0.830981290097
0.830981290097
0.830981290097
0.830981290097
0.830981290097
0.830981290097
0.830981290097
0.830981290097
0.830981290097
0.830981290097
0.830981290097
0.830981290097
0.830981290097
0.830981290097
0.830981290097
0.830981290097
0.830981290097
0.830981290097
0.830981290097
0.830981290097
0.830981290097
0.830981290097
0.830981290097
0.830981290097
0.830981290097
0.830981290097
0.830981290097
0.830981290097
0.830981290097
0.830981290097
0.830981290097
0.830981290097
0.830981290097
0.830981290097
0.830981290097
0.830981290097
0.830981290097
0.830981290097
0.830981290097
0.830981290097
0.830981290097
0.830981290097
0.830981290097
0.830981290097
0.830981290097
0.830981290097
0.830981290097
0.798485300857
0.78125482458
0.78125482458
0.78125482458
0.78125482458
0.78125482458
0.78125482458
0.78125482458
0.78125482458
0.78125482458
0.78125482458
0.78125482458
0.78125482458
0.78125482458
0.78125482458
0.78125482458
0.78125482458
0.78125482458
0.78125482458
0.78125482458
0.78125482458
0.78125482458
0.78125482458
0.78125482458
0.78125482458
0.78125482458
0.78125482458
0.78125482458
0.78125482458
0.78125482458
0.78125482458
0.78125482458
0.78125482458
0.78125482458
0.780905580618
0.780171416179
0.779768347671
0.779454064783
0.779369481815
0.779369481814
0.779369341259
0.779366992185
0.77936015719
0.77936015719
0.77936015719
0.77936015719
0.77936015719
0.77936015719
0.77936015719
0.77936015719
0.77936015719
0.77936015719
0.77936015719
0.779360056089
0.779360010816
0.779357262323
0.779349591187
0.779266608801
0.779266149495
0.779040862054
0.778072552057
0.773265933245
0.767350221546
0.767144682677
0.767144445305
0.733990640469
0.724522441626
0.710762970509
0.646315805293
0.630324677689
0.626159896771
0.610052582498
0.602285228491
0.59859150162
0.589438865542
0.582348810777
0.559822900146
0.559764015072
0.559736609572
0.559627384216
0.559600399547
0.559283313554
0.559148972947
0.559085766265
0.559085766265
0.559085766265
0.559085766265
0.559085766265
0.559085766265
0.559067492606
0.559059883862
0.559031045898
0.557445983117
0.540661345919
0.528153238157
0.528151280398
0.526993697043
0.523071976583
0.513162168308
0.512839563444
0.512267632226
0.5117876843
0.5098814367
0.509099618026
0.508155534476
0.499141754491
0.499141583811
0.499065069817
0.499057007217
0.498998885213
0.49896128736
0.498953217954
0.491776477225
0.487471379023
0.487250723926
0.485472679986
0.479284824529
0.461850001967
0.451806532808
0.450627795885
0.442953299958
0.441963485054
0.441454943859
0.439753722427
0.438759313364
0.436724814922
0.436724703173
0.43662349971
0.435316605663
0.434101444153
0.433133313949
0.429851294881
0.428651082815
0.428646708547
0.427507320042
0.426004629324
0.425323435204
0.42501728204
0.424677264685
0.423341064664
0.423108192165
0.423097848566
0.423097848566
0.423097848566
0.423097848566
0.423097848566
0.423097848566
0.423097848566
0.423097848566
0.423097848566
0.423097848566
0.423097848566
0.423097848566
0.423097848566
0.423097848566
0.423097848566
0.423097848566
0.423097848566
0.423097848566
0.423097848566
0.423097848566
0.423097848566
0.423097848566
0.423097848566
0.423097848566
0.423097848566
0.423097848566
0.423097848566
0.423097848566
0.423097848566
0.423097848566
0.423097848566
0.423097848566
0.423097848566
0.423097848566
0.423097848566
0.423097848566
0.423097848566
0.423097848566
0.423097848566
0.423097848566
0.423097848566
0.423097848566
0.423097848566
0.423097848566
0.423097848566
0.423097848566
0.423097848566
0.423097848566
0.423097848566
0.423097848566
0.423097848566
0.423097848566
0.423097848566
0.423097848566
0.421593214821
0.420413592702
0.418298786245
0.415547489003
0.415136245977
0.414846596079
0.412429393957
0.412405501518
0.411404093433
0.409842760222
0.409789323506
0.408351332883
0.40796317177
0.403412186483
0.403049603717
0.403049603717
0.403049603717
0.403049603717
0.403049603717
0.403049603717
0.403049603717
0.403049603717
0.403049603717
0.403049603717
0.403049603717
0.403049603717
0.403049603717
0.403049603717
0.403049603717
0.403049603717
0.403049603717
0.403049603717
0.403049603717
0.403049603717
0.403049603717
0.403049603717
0.403049603717
0.403049603717
0.403049603717
0.403049603717
0.403049603717
0.403049603717
0.403049603717
0.403049603717
0.403049603717
0.403049603717
0.403049603717
0.402911587863
0.402626185285
0.402611975021
0.402489971911
0.402422587616
0.402354566227
0.402275409492
0.402274971957
0.402195940419
0.40218863457
0.402186017305
0.402185974632
0.402185878444
0.402185878444
0.402185878444
0.402185878444
0.402185878444
0.402185878444
0.402185878444
0.402185878444
0.402185878444
0.402185878444
0.402185878444
0.402178273311
0.402177186665
0.402177186664
0.402176820909
0.399370776231
0.396303620569
0.393780275897
0.390005327117
0.389690918035
0.387596339076
0.386964410474
0.386448127043
0.385977478318
0.385215647946
0.384179603219
0.382589097529
0.376850046872
0.376566861366
0.376566861366
0.376566861366
0.376566861366
0.376566861366
0.376566861366
0.376566861366
0.376566861366
0.376566861366
0.376566861366
0.376566861366
0.376566861366
0.376566861366
0.376566861366
0.376566861366
0.376347965382
0.368410572663
0.367823535321
0.367738439605
0.367654773237
0.367654773237
0.367654773237
0.367654773237
0.367654773237
0.367654773237
0.367654773237
0.367654773237
0.367654773237
0.367654773237
0.367654773237
0.367654773237
0.36755871529
0.36749850748
0.365504727102
0.364996267486
0.363565069302
0.359683085767
0.359194392169
0.358276841545
0.357645270058
0.357318426821
0.353965406206
0.353720313919
0.349625823428
0.345753253242
0.337840224203
0.337840224203
0.337840224203
0.337840224203
0.337840224203
0.337840224203
0.337840224203
0.337840200769
0.337759163552
0.337561935687
0.337561935687
0.337561935687
0.337561935687
0.337561935687
0.337561935687
0.336905585547
0.336905585547
0.336905585547
0.336905585547
0.336905585547
0.336905585547
0.336905585547
0.336905585547
0.336905585547
0.336905585547
0.336905585547
0.336905585547
0.336905585547
0.336905585547
0.336905585547
0.336905585547
0.336905585547
0.336905585547
0.336733298671
0.336236665441
0.335665019948
0.335136536727
0.334816142357
0.334513338053
0.330561116176
0.330561116176
0.329915280774
0.326691240102
0.325601594853
0.323799418533
0.322773032201
0.318683408673
0.318678743345
0.318521937395
0.315546476171
0.312023499808
0.312023499808
0.309167247564
0.309123433748
0.309123433748
0.309123433748
0.309123433748
0.309123433748
0.309123433748
0.309123433748
0.309123433748
0.309123433748
0.309123433748
0.309123433748
0.309123433748
0.309123433748
0.309123433748
0.309123433748
0.309123433748
0.309123433748
0.309123433748
0.309123433748
0.309123433748
0.309123433748
0.305282343323
0.303767272714
0.303584980776
0.29975465603
0.298012579816
0.298012579816
0.297820454717
0.292218030652
0.292216639814
0.291616941158
0.288143301129
0.287762228904
0.284273295407
0.284151056415
0.284021804808
0.277800709449
0.276746478369
0.275931841804
0.275841295923
0.275772667772
0.275136561669
0.268076313541
0.266275608024
0.266275608024
0.263924509129
0.263079580659
0.261119817996
0.257501803158
0.255711214522
0.246749237915
0.246749194614
0.243264260999
0.24322407851
0.242990761021
0.242989191087
0.242876593782
0.242585401956
0.240539565546
0.240466688464
0.240326463396
0.24026742771
0.240136674477
0.240027173194
0.239850063508
0.239804423163
0.239421801321
0.239412259308
0.239412259308
0.239412259308
0.239412259308
0.239412259308
0.239412259308
0.239412259308
0.239412259308
0.239412259308
0.239412259308
0.239412259308
0.239412259308
0.239412259308
0.239412259308
0.239412259308
0.239412259308
0.239412259308
0.239412259308
0.239412259308
0.239412259308
0.239412259308
0.239412259308
0.239412259308
0.239412259308
0.239412259308
0.239412259308
0.239412259308
0.239412259308
0.239412259308
0.239412259308
0.239412259308
0.239412259308
0.239412259308
0.239412259308
0.239412259308
0.239412259308
0.239412259308
0.239412259308
0.239412259308
0.239412259308
0.239412259308
0.239412259308
0.239412259308
0.239412259308
0.239412259308
0.239412259308
0.239412259308
0.239412259308
0.239412259308
0.239412259308
0.239412259308
0.239412259308
0.239412259308
0.239412259308
0.239412259308
0.239412259308
0.239412259308
0.239412259308
0.239412259308
0.239412259308
0.239412259308
0.239412259308
0.239412259308
0.239412259308
0.239412259308
0.239412259308
0.239412259308
0.239412259308
0.239412259308
0.239412259308
0.239412259308
0.239412259308
0.239412259308
0.239412259308
0.239412259308
0.239412259308
0.239412259308
0.239412259308
0.239412259308
0.239412259308
0.239412259308
0.239412259308
0.239358777135
0.238660390165
0.237688710814
0.229093059035
0.226614753665
0.223482670723
0.223482670721
0.220208882983
0.219638583701
0.219637470704
0.217630725503
0.215841358344
0.2137951405
0.213433031129
0.213118733553
0.21311775456
0.213115617665
0.213113214057
0.213111677634
0.213056552093
0.211837807037
0.211750955432
0.210993081919
0.209566013993
0.206955637507
0.206769569775
0.206603834987
0.206146517476
0.205346804152
0.204905886
0.204805225293
0.20475707299
0.204235847704
0.20420806005
0.203109796026
0.202809719885
0.202764706777
0.199573813294
0.19957330108
0.198976386548
0.198477563633
0.196988330431
0.195888815091
0.195888799748
0.192908711555
0.192908711555
0.192908711555
0.192908711555
0.192908711555
0.192908711555
0.192908711555
0.19289869036
0.192737098232
0.191912628673
0.19189859281
0.191233338419
0.190423623213
0.190423623213
0.190423623213
0.190423623213
0.190423623213
0.190423623213
0.190023661438
0.189556784865
0.189366880445
0.189366880445
0.189366880445
0.189366880445
0.189366880445
0.189366880445
0.189366880445
0.189366880445
0.189366880445
0.189366880445
0.189366880445
0.189366880445
0.189342748429
0.18932762665
0.188652132795
0.188305573118
0.187747814361
0.186856355887
0.18685077816
0.186469177367
0.185976420572
0.184675466679
0.184675466679
0.184675451935
0.184675416012
0.184675300916
0.183900832366
0.18377143738
0.181821364788
0.17976073823
0.179760700251
0.179664486398
0.179503379166
0.179470872466
0.17930273676
0.17921778619
0.17921778619
0.17921778619
0.17921778619
0.17921778619
0.17921778619
0.17921778619
0.17921778619
0.17921778619
0.17921778619
0.17921778619
0.17921778619
0.17921778619
0.17921778619
0.17921778619
0.17921778619
0.17921778619
0.17921778619
0.178860424993
0.178417335694
0.178293682271
0.178293649865
0.178293649865
0.178293649865
0.178293649865
0.178293649865
0.178293649865
0.178293649865
0.177984148751
0.174610331272
0.172021599835
0.167835005118
0.167835005118
0.167835005118
0.167835005118
0.167835005118
0.167835005118
0.167835005118
0.167835005118
0.167835005118
0.167835005118
0.167835005118
0.167835005118
0.167835005118
0.167835005118
0.167835005118
0.167835005118
0.167835005118
0.167835005118
0.167835005118
0.167835005118
0.167835005118
0.167835005118
0.167835005118
0.167835005118
0.167424808414
0.166254469752
0.166140005428
0.165512319069
0.165509596728
0.162535804576
0.158290700887
0.157911466581
0.15682148717
0.155812861386
0.155546497421
0.155546497421
0.155546497421
0.15554649742
0.155546062089
0.155546062089
0.155546062089
0.155546062089
0.155546062089
0.155546062089
0.155546040998
0.155334644421
0.150580274601
0.148805991579
0.148569535731
0.148071971985
0.148071971985
0.148071971985
0.147932268191
0.147552683759
0.147284707439
0.146761911981
0.145619344228
0.145274112165
0.144948299656
0.143554051445
0.142286282653
0.141425341932
0.140668988441
0.140079283595
0.138036938212
0.136690081726
0.135871762285
0.131890766538
0.12872976108
0.128430581708
0.127651442032
0.126723533445
0.126119680135
0.125822633139
0.125744891851
0.125734370155
0.125734370155
0.125734370155
0.125734370155
0.125734370155
0.125734370155
0.125734370155
0.125480733088
0.124568162378
0.124201998655
0.124186055086
0.124186055086
0.124186055086
0.124186055086
0.124186055086
0.124186055086
0.124186055086
0.124186055086
0.124186055086
0.124186055086
0.124186055086
0.124186055086
0.124186055086
0.124186055086
0.124186055086
0.124186055086
0.124186055086
0.124186055086
0.124186055086
0.124186055086
0.124186055086
0.124186055086
0.124186055086
0.124186055086
0.124186055086
0.124186055086
0.124186055086
0.124186055086
0.124186055086
0.124186055086
0.124186055086
0.124186055086
0.124186055086
0.124186055086
0.124186055086
0.124186055086
0.124186055086
0.124186055086
0.124186055086
0.124186055086
0.124186055086
0.124186055086
0.124186055086
0.124186055086
0.124186055086
0.124186055086
0.124186055086
0.124186055086
0.124186055086
0.124186055086
0.124186055086
0.124186055086
0.124186055086
0.124186055086
0.124186055086
0.124186055086
0.124186055086
0.124186055086
0.124186055086
0.124186055086
0.124186055086
0.124186055086
0.124186055086
0.124186055086
0.124186055086
0.124186055086
0.124186055086
0.124186055086
0.124186055086
0.124186055086
0.124186055086
0.124186055086
0.124186055086
0.124186055086
0.124186055086
0.124186055086
0.124186055086
0.124186055086
0.124186055086
0.124186055086
0.124186055086
0.124186055086
0.124157103102
0.123880450013
0.123844858453
0.123734013636
0.123639523429
0.123556588742
0.12351060955
0.123404139223
0.123347384615
0.122460138433
0.122351691557
0.121838288965
0.120362647851
0.120266965354
0.120023396561
0.120023396561
0.120023396561
0.120023396561
0.120023396561
0.120023396561
0.120023396561
0.120023396561
0.120023396561
0.120023396561
0.120023396561
0.120023396561
0.120023396561
0.120023396561
0.120023396561
0.120023396561
0.120023396561
0.120023396561
0.120023396561
0.120023396561
0.120023396561
0.120023396561
0.120023396561
0.120023396561
0.120023396561
0.120023396561
0.120023396561
0.120023396561
0.120023396561
0.120023396561
0.120023396561
0.120023396561
0.120023396561
0.120023396561
0.120023396561
0.120023396561
0.119537128253
0.11913539321
0.119121201469
0.119036031671
0.11856364664
0.117620239602
0.117074171984
0.117074171984
0.117074171984
0.117074171984
0.117074171984
0.117074171984
0.117074171984
0.117074171984
0.117074171984
0.117074171984
0.117074171984
0.117074171984
0.117074171984
0.117074171984
0.117074171984
0.117074171984
0.117074171984
0.117074171984
0.117074171984
0.117074171984
0.117074171984
0.117074171984
0.117074171984
0.117074171984
0.117074171984
0.117074171984
0.117074171984
0.117074171984
0.117074171984
0.117074171984
0.114703280641
0.114450563647
0.114285845395
0.114285845382
0.114285845382
0.114285845382
0.113608741257
0.112354875245
0.10932534882
0.107081817828
0.106972831419
0.106516504253
0.106323613828
0.103101365905
0.102668799733
0.100973586689
0.099870058843
0.0954541933367
0.0933512083458
0.0931361122323
0.0931361122323
0.0931361122323
0.0931361122323
0.0931361122323
0.0931361122323
0.0931361122323
0.0931361122323
0.0925224062467
0.0919939899306
0.0890234229275
0.0889712871305
0.0885961774618
0.0874206846813
0.0874206649443
0.0874206422708
0.0874206415624
0.0874206252727
0.0874206127592
0.0874206091479
0.0874206029019
0.0874017010987
0.0872078390368
0.0869382501267
0.0853659750663
0.0849898733293
0.083594923935
0.0835698987221
0.0821540118218
0.0820194311974
0.0818719276698
0.0812640942686
0.080755810168
0.0802457912757
0.0802319448266
0.0802319448266
0.0802319448266
0.0802319448266
0.0802319448266
0.0802319448266
0.0802319448266
0.0802319448266
0.0802319448266
0.0802319448266
0.0802319448266
0.0802319448266
0.0802319448266
0.0802319448266
0.0802319448266
0.0802319448266
0.0802319448266
0.0802319448266
0.0802319448266
0.0802319448266
0.0802319448266
0.0794167943182
0.0786213246906
0.0781468719853
0.0770548600481
0.0760956018134
0.0753223220599
0.0732926063208
0.072678555615
0.0726694588823
0.0722048938012
0.0656601792583
0.0656601792583
0.0653667037763
0.0653003418297
0.064588901376
0.064588380788
0.0645883807874
0.0643703814102
0.063001433739
0.0614658087893
0.0612162200206
0.0612162096127
0.0584232972821
0.0580501595978
0.0576072847463
0.0567330531471
0.0566492603868
0.0554694511344
0.0554135999087
0.0554101608341
0.0554076405873
0.0554053982052
0.0554043707676
0.0546368974692
0.0544463089671
0.053676836138
0.0525157309475
0.0513990136699
0.0511904178507
0.0511904178507
0.051112869727
0.0511127749583
0.0511127609697
0.0511127552288
0.0511127552288
0.0507442716737
0.0493639252257
0.0493639252257
0.0488226535552
0.0441749976113
0.0440548392125
0.043687461817
0.0431531460238
0.0426492712686
0.0425367837158
0.0423647532191
0.0422607093407
0.0419273398645
0.0412283212421
0.0406864610106
0.0404308395843
0.0404308395843
0.0404308395843
0.0404308395843
0.0404308395843
0.0404308395843
0.0403578094114
0.0403284293528
0.0402123737367
0.0399492740459
0.0398762165787
0.0382251264587
0.0374762914562
0.0371207800867
0.0361182674171
0.0361182674171
0.0361182674171
0.0361182674171
0.0361182674171
0.0361182674171
0.0361182674171
0.0361182674171
0.0361182674171
0.0361182674171
0.0361182674171
0.0361182674171
0.0361182674171
0.0361182674171
0.0361182674171
0.0361182674171
0.0361182674171
0.0361182674171
0.0361182674171
0.0361182674171
0.0361182674171
0.0361182674171
0.0361182674171
0.0361182674171
0.0361182674171
0.0361182674171
0.0361182674171
0.0361182674171
0.0361182674171
0.0361182674171
0.0356507061162
0.0330434532696
0.0330434532696
0.0330434532696
0.0330434532696
0.0330434532696
0.0330434532696
0.0330434532696
0.0330434532696
0.0330434532696
0.0330434532696
0.0330434532696
0.0330434532696
0.0330434532696
0.0330434532696
0.0330434532696
0.033016817091
0.0320759281267
0.0305856507013
0.0295055199715
0.0290724708116
0.0290724708116
0.0290724708116
0.0290724708116
0.0290724708116
0.0290724708116
0.0290724708116
0.0290724708116
0.0290724708116
0.0290724708116
0.0290724708116
0.0290724708116
0.0290724708116
0.0290724708116
0.0290724708116
0.0290724708116
0.0290724708116
0.0290724708116
0.0290724708116
0.0290724708116
0.0290724708116
0.0290724708116
0.0290724708116
0.0290724708116
0.0290272515992
0.0284922206358
0.0284889424204
0.0284889424204
0.0284889424204
0.0284889424204
0.0284889424204
0.0284889424204
0.0284889424204
0.0278889969246
0.0274415470857
0.0274415470857
0.0274415470857
0.0274415470857
0.0274415470857
0.0274415470857
0.0274415470857
0.0274415470857
0.0274415470857
0.0274415470857
0.0274415470857
0.0274415470857
0.0274415470857
0.0271569964188
0.0271545720343
0.0271545720343
0.0271407885726
0.0270665966012
0.0266786393889
0.0255857017269
0.0246761167879
0.024605558154
0.0211410768974
0.0199093509164
0.0186763124104
0.0184890661259
0.0184056414673
0.0164112344941
0.0164112344601
0.0159103063145
0.0150885612525
0.0138684996741
0.0138684996726
0.0138684996726
0.0138684996726
0.0128561109483
0.0128561109483
0.0128561109483
0.0128561109483
0.0128561109483
0.0128561109483
0.0128561109483
0.0103077783067
0.010117499623
0.0101174996179
0.00998215989079
0.00965165299824
0.00939852538395
0.00939852538395
0.00869789363138
0.00782620231486
0.00782620231486
0.00782620231486
0.00782620231486
0.00782620231486
0.00782620231486
0.00782620231486
0.00782620231486
0.00782620231486
0.00782620231486
0.00782620231486
0.00782620231486
0.00782620231486
0.00782620231486
0.00782620231486
0.00782620231486
0.00782620231486
0.00782620231486
0.00782620231486
0.00782620231486
0.00782620231486
0.00782620231486
0.00782620231486
0.00782620231486
0.00782620231486
0.00782620231486
0.00782620231486
0.00782620231486
0.00782620231486
0.00782620231486
0.00782620231486
0.00782620231486
0.00782620231486
0.00782620231486
0.00782620231486
0.00782620231486
0.00782620231486
0.00782571674748
0.00709175156546
0.00695659127959
0.006956575293
0.006956575293
0.006956575293
0.006956575293
0.006956575293
0.006956575293
0.00695624531314
0.00695624531287
0.00695624531287
0.00695624531287
0.00633893536525
0.00628042624524
0.00619508324296
0.00609694445924
0.00537349652035
0.00283507050688
0.0025092366484
0.000727864741966
0.000478222799771
6.65365045276e-05
4.77703089516e-05
-0.000783719760882
-0.000827597313878
-0.000828682697576
-0.00122022226057
-0.00167200021382
-0.00621653432109
-0.00745553963664
-0.00745796942844
-0.00785381389188
-0.00805584887887
-0.00861785334642
-0.00877751357908
-0.00877755904435
-0.0107413117593
-0.012774937485
-0.012783729773
-0.0165581064064
-0.0177904893531
-0.01779118781
-0.0183464035703
-0.0183464101425
-0.0183464106634
-0.0183464106634
-0.0183464106634
-0.0183464106634
-0.0183464106634
-0.0183464106634
-0.0183464106634
-0.0183464106634
-0.0183464106634
-0.0183464106634
-0.0183464106634
-0.0183464106634
-0.0183464106634
-0.0183464106634
-0.0183464106634
-0.0183464106634
-0.0183464106634
-0.0183464106634
-0.0183464106634
-0.0183464106634
-0.0183464106634
-0.0183464106634
-0.0183464106634
-0.0183464106634
-0.0183464106634
-0.0183464112124
-0.0183464122268
-0.0187414394197
-0.0187414428336
-0.0187506889974
-0.0193848875432
-0.0193848875432
-0.0193848875432
-0.0193848875432
-0.0193848875432
-0.0193848875432
-0.0193848875432
-0.0193848875432
-0.0204275364501
-0.0217445528594
-0.0221981986814
-0.0222243546277
-0.0222497958301
-0.022256762345
-0.0222719056359
-0.0223291954626
-0.022333040137
-0.0224122180237
-0.0224251760433
-0.022519131042
-0.0225665091929
-0.0226921456449
-0.0226921456449
-0.0227371034652
-0.0227830293218
-0.0228041730283
-0.0228267078798
-0.0228745930341
-0.0229248384103
-0.0230265918678
-0.0231744923285
-0.0231869458869
-0.0231937286173
-0.0232688747993
-0.0233368716859
-0.0234440158388
-0.0234639394539
-0.0235869763444
-0.0235961830128
-0.0236047879214
-0.0236103395159
-0.0236321606233
-0.0236479605883
-0.0236506940879
-0.023702080726
-0.0240602494531
-0.0241723017402
-0.025247620149
-0.025399324926
-0.0255227433631
-0.0255676822213
-0.0256236347431
-0.0258251860605
-0.0259463370856
-0.0261983091933
-0.0263361368374
-0.0263361368374
-0.0263361368374
-0.0263361368374
-0.0263361368374
-0.0263988203221
-0.0264509619975
-0.0264640411486
-0.0264754657786
-0.0264886719791
-0.026496109238
-0.0265004525414
-0.0265030796385
-0.0265058187014
-0.026505918115
-0.026506424232
-0.0265210991164
-0.0265210991164
-0.0265566795324
-0.0265566795324
-0.0265566795324
-0.0265566795324
-0.0265566795324
-0.0265566795324
-0.0265566795324
-0.0265566795324
-0.026873225729
-0.0276974460431
-0.0280662679336
-0.0284375492446
-0.0284375492446
-0.0284375492446
-0.0284375492446
-0.0285977081808
-0.0292557755692
-0.0300146540541
-0.0312857626564
-0.0316871535624
-0.0319688750803
-0.0322328619516
-0.0322328619516
-0.0322328619516
-0.0322328619516
-0.0322328619516
-0.0322328619516
-0.0322328619516
-0.0322328619516
-0.0322328619516
-0.0322328619516
-0.0322438181271
-0.0322438181336
-0.0322438181336
-0.0333842463008
-0.0333842463008
-0.0343532626223
-0.0351091282562
-0.0351091282562
-0.0351091282562
-0.0351091282562
-0.0351091282562
-0.0351091282562
-0.0351091282562
-0.0351091282562
-0.0351091282562
-0.0351091282562
-0.0351091282562
-0.0351091282562
-0.0351091282562
-0.0351091282562
-0.0351091282562
-0.0351091282562
-0.0351091282562
-0.0351091282562
-0.0351091282562
-0.0351091282562
-0.0351091282562
-0.0351091282562
-0.0351091282562
-0.0351091282562
-0.0351091282562
-0.0351091282562
-0.0351091282562
-0.0351091282562
-0.0351091282562
-0.0351091282562
-0.0351091282562
-0.0351091282562
-0.0351091282562
-0.0351091282562
-0.0355215621524
-0.0355215637962
-0.0355866445262
-0.0355992780523
-0.0356250617698
-0.0356250636328
-0.0356447527138
-0.0363537274563
-0.0366242005507
-0.0375831209171
-0.0385034753737
-0.0400869742973
-0.0415662163493
-0.0427642914767
-0.0466651603525
-0.0469390200557
-0.0498314470896
-0.0511894072409
-0.0518456609915
-0.0518876191989
-0.0524634455992
-0.052523151238
-0.0528431846549
-0.0531984065222
-0.0532393069266
-0.053254459116
-0.053254459116
-0.053254459116
-0.0532544592829
-0.0532562245674
-0.053257149785
-0.0533139834154
-0.0535534931766
-0.054090754109
-0.054124958276
-0.0551411671517
-0.0588428266486
-0.0591574145254
-0.0592676766755
-0.0596240545956
-0.059624056757
-0.0596240569545
-0.0596240636282
-0.0596241620444
-0.05962477675
-0.0606366512828
-0.0639526196727
-0.0642461303177
-0.064246134147
-0.064246134147
-0.064246134147
-0.064246134147
-0.064246134147
-0.064246134147
-0.064246134147
-0.064246134147
-0.064246134147
-0.064246134147
-0.064246134147
-0.0668685593672
-0.0673976039214
-0.0674001088557
-0.0674012568965
-0.067401571301
-0.0676845414233
-0.0677339969657
-0.0677339969657
-0.0677339969657
-0.0677339969657
-0.0677339969657
-0.0677339969657
-0.0677339969657
-0.0677339969657
-0.0677339969657
-0.0677339969657
-0.0677339969657
-0.0677339969657
-0.0677339969657
-0.0677339969657
-0.0677339969657
-0.0677339969657
-0.0677339969657
-0.0677339969657
-0.0677339969657
-0.0677339969657
-0.0677339969657
-0.0701629558225
-0.0715186524839
-0.0724658345936
-0.0724658345936
-0.0724658345936
-0.0724658345936
-0.0724658345936
-0.0724658345936
-0.0724665339523
-0.0724665339523
-0.0724665339523
-0.0724665339523
-0.0724665339523
-0.0724665339523
-0.0724665339523
-0.0724665339523
-0.0724665339523
-0.0724665339523
-0.0724665339523
-0.0724665339523
-0.0724665339523
-0.0724665339523
-0.0724665339523
-0.0724665339523
-0.0724665339523
-0.0724665339523
-0.0724665339523
-0.0724665339523
-0.0724665339523
-0.0724665339523
-0.0724665339523
-0.0724665339523
-0.0724665339523
-0.0724665339523
-0.0724665339523
-0.0724665339523
-0.0724665339523
-0.0724665339523
-0.0724665339523
-0.0727748085779
-0.073333938837
-0.073333938837
-0.073333938837
-0.073333938837
-0.073333938837
-0.073333938837
-0.073333938837
-0.073333938837
-0.073333938837
-0.073333938837
-0.073333938837
-0.073333938837
-0.073333938837
-0.073333938837
-0.073333938837
-0.073333938837
-0.073333938837
-0.073333938837
-0.073333938837
-0.073333938837
-0.073333938837
-0.073333938837
-0.073333938837
-0.073333938837
-0.073333938837
-0.073333938837
-0.073333938837
-0.073333938837
-0.073333938837
-0.073333938837
-0.073333938837
-0.073333938837
-0.073333938837
-0.073333938837
-0.073333938837
-0.073333938837
-0.073333938837
-0.073333938837
-0.073333938837
-0.073333938837
-0.073333938837
-0.073333938837
-0.073333938837
-0.073333938837
-0.073333938837
-0.073333938837
-0.073333938837
-0.073333938837
-0.073333938837
-0.073333938837
-0.073333938837
-0.073333938837
-0.073333938837
-0.073333938837
-0.073333938837
-0.073333938837
-0.073333938837
-0.073333938837
-0.073333938837
-0.073333938837
-0.073333938837
-0.073333938837
-0.073333938837
-0.073333938837
-0.073333938837
-0.073333938837
-0.073333938837
-0.073333938837
-0.073333938837
-0.073333938837
-0.073333938837
-0.073333938837
-0.073333938837
-0.0738154610798
-0.0738155052329
-0.073815505344
-0.0738155113947
-0.0738155166914
-0.0738155191705
-0.0738155191705
-0.0738155191705
-0.0738155191705
-0.0738155191705
-0.0738155191705
-0.0738155191705
-0.0738155191705
-0.0738155191705
-0.0738155191705
-0.0738155191705
-0.0738155191705
-0.0738155257239
-0.073815535751
-0.0751225965504
-0.0763842623002
-0.0763842623002
-0.0763842623002
-0.0763842623002
-0.0763842623002
-0.0763842623002
-0.0763842623002
-0.0770267621108
-0.0783658509625
-0.0804917935839
-0.0804948247679
-0.0823143443898
-0.0823904322758
-0.0842596458554
-0.0842652055543
-0.0842652055543
-0.0842652055543
-0.0842652055543
-0.0842652055543
-0.0842652055543
-0.0851694261263
-0.0851694261263
-0.0851694261263
-0.0851694261263
-0.0871325876331
-0.0871512346004
-0.0913423268033
-0.0916282786297
-0.0918368871404
-0.0948942033829
-0.0949822942712
-0.0957752269782
-0.0961258509882
-0.103750636607
-0.103938442467
-0.104472461061
-0.104472461061
-0.104472461061
-0.104472461061
-0.104472461061
-0.104472461061
-0.104472461061
-0.104472461061
-0.104472461061
-0.104472461061
-0.104472461061
-0.104472461061
-0.104472461061
-0.104472461061
-0.104472461061
-0.104472461061
-0.104472461061
-0.104472461061
-0.104472461061
-0.104472461061
-0.104472461061
-0.104472461061
-0.104472461061
-0.104472461061
-0.104472461061
-0.104472461061
-0.104472461061
-0.104472461061
-0.104472461061
-0.104472461061
-0.104472461061
-0.104472461061
-0.104472461061
-0.104472461061
-0.104472461061
-0.104472461061
-0.104472461061
-0.104472461061
-0.104472461061
-0.104472461061
-0.104472461061
-0.104472461061
-0.104472461061
-0.104472461061
-0.104472461061
-0.104472461061
-0.104472461061
-0.104472461061
-0.104472461061
-0.105024772917
-0.10549228648
-0.10549228648
-0.10549228648
-0.10549228648
-0.10549228648
-0.10549228648
-0.10549228648
-0.10549228648
-0.10549228648
-0.10549228648
-0.10549228648
-0.10549228648
-0.10549228648
-0.10549228648
-0.10549228648
-0.10549228648
-0.10549228648
-0.10549228648
-0.10549228648
-0.10549228648
-0.10549228648
-0.105525255976
-0.107025025637
-0.107634921358
-0.107636602883
-0.107636602883
-0.107636602883
-0.107636602883
-0.107636602883
-0.107636602883
-0.107636602883
-0.107636602883
-0.107636602883
-0.107808050931
-0.108383317224
-0.108383317224
-0.108383317224
-0.108383317224
-0.108386727109
-0.108386727109
-0.108386727109
-0.108386727109
-0.108386727109
-0.108386727109
-0.108386727109
-0.10879932448
-0.109488028863
-0.115003797309
-0.115003797309
-0.115003797309
-0.115003797309
-0.115003797309
-0.117939524353
-0.120426076137
-0.120426076137
-0.120426076137
-0.120426076137
-0.120426076137
-0.120426076137
-0.120426076137
-0.120426076137
-0.120426076137
-0.120426076137
-0.120426076137
-0.120426076137
-0.123940804701
-0.124210796319
-0.124253053081
-0.124253099405
-0.12425312703
-0.130116039027
-0.13052316768
-0.131735313076
-0.131797926512
-0.131797928762
-0.131797930042
-0.131797930042
-0.131797930042
-0.131797930042
-0.131797930042
-0.131797930042
-0.131797930042
-0.131797930042
-0.131797930621
-0.133921862374
-0.133947283388
-0.134609278773
-0.135515720339
-0.135559805571
-0.135559805571
-0.135559805571
-0.135559805571
-0.135560391604
-0.135560391604
-0.135560391604
-0.135560391604
-0.135560391604
-0.135564857363
-0.135564857363
-0.135564857363
-0.135564857363
-0.135564857363
-0.135564857363
-0.135564857363
-0.135564857363
-0.135564857363
-0.141791245357
-0.141799718077
-0.141839195097
-0.141900222078
-0.141908687653
-0.141989026453
-0.141997151453
-0.142721264599
-0.147974746273
-0.148482898387
-0.148687114713
-0.150018089439
-0.150306189208
-0.162723946242
-0.162913346504
-0.162913346504
-0.162913346504
-0.162913346504
-0.165371859053
-0.174572967515
-0.182933902744
-0.182933902744
-0.182933902744
-0.182933902744
-0.182933902744
-0.182933902744
-0.182933902744
-0.182933902744
-0.182933902744
-0.183199232178
-0.184382398464
-0.188010904453
-0.192154325912
-0.192208309902
-0.192235341357
-0.192248821251
-0.192257114281
-0.197728454772
-0.197888593571
-0.199636320153
-0.2011708897
-0.207061757745
-0.208725688884
-0.208729355899
-0.20872937356
-0.20872937356
-0.20872937356
-0.209801601325
-0.209801614949
-0.210955997371
-0.210956222353
-0.210956222353
-0.212595269319
-0.214054597123
-0.214791507712
-0.215215919309
-0.215409007799
-0.215604471123
-0.215610428383
-0.215612546333
-0.216941942933
-0.217833498284
-0.218052419592
-0.218053923473
-0.21805394839
-0.218053949474
-0.218053949474
-0.218053949474
-0.218053949474
-0.218053949474
-0.218053949474
-0.219528638603
-0.219599761334
-0.219599761342
-0.219599775158
-0.220897162615
-0.221636691438
-0.225082830351
-0.225954246526
-0.225954246526
-0.226126550515
-0.227421167873
-0.228206180355
-0.231502361955
-0.23187924961
-0.232149840027
-0.23592831509
-0.238961089514
-0.238979981741
-0.240675570815
-0.241970946743
-0.242512035709
-0.242872566614
-0.244632808885
-0.245530464916
-0.24782299195
-0.2516546951
-0.252114985221
-0.255388705735
-0.256300771995
-0.26241922623
-0.262419389597
-0.262419443868
-0.262419464547
-0.262419467526
-0.267148536508
-0.268269608129
-0.269720822707
-0.269801443654
-0.269801783393
-0.269801930264
-0.269801944813
-0.269801957727
-0.269801981803
-0.274524759651
-0.274525558146
-0.274525971582
-0.274525972223
-0.274525972223
-0.274525972223
-0.274525972223
-0.27721486355
-0.278215700265
-0.281363151679
-0.284252866764
-0.284756917509
-0.286302732705
-0.28883449524
-0.291092742306
-0.291169598085
-0.291169598085
-0.291169598085
-0.291169598085
-0.291169598085
-0.291169598085
-0.291169598085
-0.291169598085
-0.291169598085
-0.291169598085
-0.291169598085
-0.291169598085
-0.291169598085
-0.291169598085
-0.291169598085
-0.291169598085
-0.291169598085
-0.291169598085
-0.291169598085
-0.291169598085
-0.291169598085
-0.291169598085
-0.291169598085
-0.291169598085
-0.291169598085
-0.291169598085
-0.291169598085
-0.291169598085
-0.291169598085
-0.291169598085
-0.291169598085
-0.291172030513
-0.291172030513
-0.291172030513
-0.291172030513
-0.291172030513
-0.291172030513
-0.295560179812
-0.295560179812
-0.295560179812
-0.295560179812
-0.295560179812
-0.295560179812
-0.295560179812
-0.295949383393
-0.297585690843
-0.298761945416
-0.300389754569
-0.301786236211
-0.306374484537
-0.306374776917
-0.306374776917
-0.306374776917
-0.306374776917
-0.306374776917
-0.306374776917
-0.306374776917
-0.306374776917
-0.306374776917
-0.306374776917
-0.306374776917
-0.306374776917
-0.306374776917
-0.306374776917
-0.306374776917
-0.306374776917
-0.306374776917
-0.306374776917
-0.306374776917
-0.306374776917
-0.306374776917
-0.306374776917
-0.306374776917
-0.306374776917
-0.306374776917
-0.306374776917
-0.306374776917
-0.306374776917
-0.306374776917
-0.306374776917
-0.306374776917
-0.306374776917
-0.306374776917
-0.306374776917
-0.306374776917
-0.306374776917
-0.306374776917
-0.306397288411
-0.306397317779
-0.306397332582
-0.30639733301
-0.30639733301
-0.30639733301
-0.30639733301
-0.307121218295
-0.307297217413
-0.307297217413
-0.307297217413
-0.307297217413
-0.310149306726
-0.310795973171
-0.311010835397
-0.311118423568
-0.311175151104
-0.311205072263
-0.312670814127
-0.314960776439
-0.315337265243
-0.315341752325
-0.31608502922
-0.316853527433
-0.317638597011
-0.317655220979
-0.317663633222
-0.318532072604
-0.318614098401
-0.319637749601
-0.321329763504
-0.321531622692
-0.324339765759
-0.329372761852
-0.330887581304
-0.330887581304
-0.330887581304
-0.330887581304
-0.330887581304
-0.330887581304
-0.330887581304
-0.330887581304
-0.330887581304
-0.330887581304
-0.330887581304
-0.330887581304
-0.330887581304
-0.332057612173
-0.334782739573
-0.334783389504
-0.33478360551
-0.334783687816
-0.334783699672
-0.337877746275
-0.337971800981
-0.339318224537
-0.339318224537
-0.339318224537
-0.339318236112
-0.339320639383
-0.340411139011
-0.341354690956
-0.341354690961
-0.341354700172
-0.341917712268
-0.342007617127
-0.343100571016
-0.344697575627
-0.345362149856
-0.34543932505
-0.349823809652
-0.35123936978
-0.351244155301
-0.352801326936
-0.354088783204
-0.354088783204
-0.354088783204
-0.354088783204
-0.354482422082
-0.356037829553
-0.358337559093
-0.35933474793
-0.360160207617
-0.360477061074
-0.36081411977
-0.361241971721
-0.361242142791
-0.363728890062
-0.366638432731
-0.366783353577
-0.366828817418
-0.366979632496
-0.369755112294
-0.369755112795
-0.37010879786
-0.370349070516
-0.370349070516
-0.370349070516
-0.370349070516
-0.370349070516
-0.370349070516
-0.370349071226
-0.370349087556
-0.370350073162
-0.370493548815
-0.371077852308
-0.37142717051
-0.372939996461
-0.374109974468
-0.376625234675
-0.377606321811
-0.378235760134
-0.379413670614
-0.379629988682
-0.379759759946
-0.380070153885
-0.380070153885
-0.380070153885
-0.380070153885
-0.380070153885
-0.380070153885
-0.380070153885
-0.380070153885
-0.380070153885
-0.380070153885
-0.380070153885
-0.380070157633
-0.380198433774
-0.380198433774
-0.380198433774
-0.380198433774
-0.380198433774
-0.380198433774
-0.380198433774
-0.380198433774
-0.380198433774
-0.380198433774
-0.380198433774
-0.380198433774
-0.380198433774
-0.380198433774
-0.380198433774
-0.380198433774
-0.380198433774
-0.380198433774
-0.380198433774
-0.380198433774
-0.380198433774
-0.380789533536
-0.38272764039
-0.383923927779
-0.385581453748
-0.385922369204
-0.386646795209
-0.38705287262
-0.387247283698
-0.387247283698
-0.388724921822
-0.390629731133
-0.393481622735
-0.394385504344
-0.394729008914
-0.394935925357
-0.394935925357
-0.394935925357
-0.394935925357
-0.395085116167
-0.395085116167
-0.395085116167
-0.395085116167
-0.395085116167
-0.395085116167
-0.395085116167
-0.395085116167
-0.395085116167
-0.395085116167
-0.395085116167
-0.395085116167
-0.395085116167
-0.395085116167
-0.395085116167
-0.395085116167
-0.395085116167
-0.395085116167
-0.395085116167
-0.395085116167
-0.395085116167
-0.395085116167
-0.395085116167
-0.395085116167
-0.395085116167
-0.395085116167
-0.395085116167
-0.395085116167
-0.395085116167
-0.395085116167
-0.395085116167
-0.395085116167
-0.395085116167
-0.395085116167
-0.395085116167
-0.395085116167
-0.39520966297
-0.395271668725
-0.395752433405
-0.396364980761
-0.396499154
-0.396529641196
-0.396530993395
-0.396531577955
-0.396531635862
-0.396531686698
-0.396531703658
-0.397020517606
-0.397643942188
-0.39808518824
-0.398655803771
-0.398915025511
-0.399450759051
-0.40002523295
-0.400247072683
-0.400402504025
-0.400631798673
-0.40099836641
-0.403712521436
-0.404160406595
-0.40534094177
-0.406610996562
-0.409929088281
-0.411764019673
-0.411764019673
-0.411764019673
-0.411764019673
-0.411764019673
-0.411764019673
-0.411764019673
-0.411764019673
-0.411764019673
-0.411764019673
-0.411764019673
-0.411764019673
-0.411764019673
-0.411764019673
-0.411764019673
-0.411764019673
-0.411764019673
-0.411764019673
-0.411764019673
-0.411764019673
-0.411764019673
-0.411764019673
-0.411764019673
-0.411764019673
-0.411764019673
-0.411764019673
-0.411764019673
-0.411764019673
-0.411764019673
-0.411764019673
-0.411764019673
-0.411764019673
-0.411764019673
-0.411764019673
-0.411764019673
-0.411764019673
-0.411764019673
-0.411764019673
-0.411764019673
-0.411764019673
-0.411764019673
-0.411764019673
-0.411764019673
-0.411764019673
-0.411764019673
-0.411764019673
-0.411764019673
-0.411764019673
-0.411764019673
-0.411764019673
-0.411764019673
-0.411764019673
-0.411764019673
-0.411764019673
-0.411764019673
-0.411764019673
-0.411764019673
-0.411764019673
-0.411764019673
-0.411764019673
-0.411764019673
-0.411764019673
-0.411764019673
-0.411764019673
-0.411764019673
-0.411764019673
-0.411764019673
-0.411764019673
-0.411764019673
-0.411764019673
-0.411764019673
-0.411764019673
-0.411764019673
-0.412279883027
-0.415695464378
-0.415696462992
-0.416333660503
-0.418543283374
-0.421051106505
-0.421051106505
-0.421051106505
-0.421051106505
-0.421051106505
-0.422844848582
-0.429045394105
-0.429253116386
-0.429253134176
-0.429253146013
-0.42925314656
-0.429253197435
-0.42925323612
-0.429253251008
-0.429253277065
-0.429253284349
-0.429253293289
-0.429253307849
-0.429253310598
-0.429254539079
-0.429258381132
-0.429271777666
-0.429276936558
-0.429424472235
-0.429438913203
-0.430095978275
-0.430108488844
-0.430435343373
-0.430761786471
-0.432169116809
-0.432198727763
-0.432325276873
-0.432944338931
-0.432969333254
-0.434311392241
-0.435352978447
-0.435374058594
-0.435611320707
-0.435611382552
-0.435611382552
-0.435611382552
-0.435611382552
-0.435611382552
-0.435611382552
-0.435611382552
-0.435611382552
-0.435611382552
-0.435884253026
-0.436312157548
-0.438348414889
-0.438923473299
-0.439411230829
-0.439413313427
-0.439413313427
-0.440421457566
-0.441357247217
-0.441357247217
-0.441357247217
-0.441357247217
-0.441357247217
-0.441357247217
-0.441357247217
-0.441357247217
-0.441357247217
-0.441357247217
-0.441357247217
-0.441357247217
-0.441771603926
-0.441943701251
-0.442175882419
-0.44218388349
-0.443006569349
-0.443109607988
-0.443427934812
-0.447744466938
-0.448188355746
-0.449981000472
-0.450429979742
-0.450880100024
-0.450958558576
-0.45097639102
-0.452311439285
-0.452311439285
-0.452311439285
-0.452311439285
-0.452311439285
-0.452311439285
-0.452311439285
-0.452311439285
-0.452311439285
-0.452311439285
-0.452311439285
-0.452311439285
-0.452311439285
-0.452311439285
-0.452311439285
-0.452311439285
-0.452311439285
-0.452311439285
-0.452311439285
-0.452311439285
-0.452311439285
-0.452311439285
-0.452311439285
-0.452311439285
-0.452311439285
-0.452311439285
-0.452311439285
-0.452311439285
-0.452311439285
-0.452311439285
-0.452311439285
-0.452311439285
-0.452311439285
-0.452311439285
-0.452311439285
-0.452311439285
-0.452311439285
-0.452311439285
-0.452311439285
-0.452311439285
-0.452311439285
-0.452311439285
-0.452311439285
-0.452311439285
-0.452311439285
-0.452311439285
-0.452311439285
-0.452311439285
-0.452311439285
-0.453640257136
-0.453662819815
-0.453674175234
-0.453674359609
-0.453674469556
-0.457359696827
-0.459352298696
-0.459353973966
-0.45937170984
-0.45937320478
-0.459373633521
-0.459373770609
-0.459373770915
-0.45937377254
-0.459373773538
-0.459373774351
-0.459373777258
-0.45937377892
-0.459373783237
-0.459373788914
-0.459373788975
-0.459373790296
-0.459373904305
-0.459394510727
-0.459891525591
-0.459892475531
-0.459898224466
-0.463476945534
-0.463825591384
-0.463831651093
-0.463831653951
-0.464256468692
-0.464332214951
-0.464970015134
-0.464970015134
-0.464970015134
-0.464970015134
-0.464970015134
-0.464970015134
-0.464989888313
-0.46519127279
-0.465218771169
-0.467008347755
-0.468271683916
-0.468271755011
-0.468271852714
-0.468271855534
-0.468271920369
-0.468271970173
-0.468271984547
-0.468272009407
-0.468314344185
-0.469042400819
-0.469349331878
-0.469349331878
-0.469349331892
-0.469381099364
-0.469381099364
-0.469381099364
-0.469381099364
-0.469381099364
-0.469381099364
-0.469381099364
-0.469381099364
-0.469381099364
-0.469381099364
-0.469744817509
-0.470828490072
-0.470902176216
-0.473127390258
-0.473149184137
-0.473149184137
-0.473149184137
-0.473149184137
-0.473149205691
-0.473149205691
-0.473149205691
-0.473149205691
-0.473149205691
-0.473149369937
-0.473149369937
-0.473149369937
-0.473149369937
-0.473149369937
-0.473149369937
-0.473149369937
-0.473149369937
-0.473149369937
-0.473661860352
-0.473970471485
-0.47895199533
-0.479115189093
-0.479592453899
-0.481077507147
-0.481573992276
-0.481626092763
-0.481626092763
-0.481626092763
-0.481626092763
-0.481626092763
-0.481887991262
-0.482083111084
-0.482135167532
-0.482180638818
-0.482200651377
-0.482200651377
-0.482200651377
-0.482200651377
-0.482200651377
-0.482200651377
-0.482200651377
-0.482200651377
-0.482233200951
-0.48226280206
-0.48228008797
-0.482290102944
-0.482290102944
-0.482290407446
-0.482296024468
-0.482301446795
-0.482303856873
-0.48544040454
-0.486014623045
-0.487432408624
-0.488668730327
-0.489350222889
-0.490409175943
-0.49182625752
-0.492077461583
-0.49248217978
-0.493264894334
-0.494514040867
-0.494862333761
-0.498354383767
-0.500590391429
-0.500590391429
-0.50138767077
-0.50263673969
-0.50327051888
-0.504639875562
-0.505574858883
-0.507387331641
-0.509604881438
-0.510637402036
-0.510657679971
-0.510657679971
-0.510772966376
-0.510969299645
-0.511393303657
-0.51543934767
-0.516573132786
-0.517382176141
-0.522406147898
-0.522828472012
-0.523401579894
-0.523478658673
-0.523640290692
-0.524274696813
-0.52466556581
-0.526819905027
-0.526819905027
-0.526819905027
-0.526819905027
-0.526819905027
-0.526819905027
-0.527196380768
-0.527845094958
-0.527845096361
-0.527845096361
-0.527845096361
-0.527845096361
-0.527845096361
-0.527845096361
-0.527845096361
-0.527845096361
-0.527845098064
-0.527845101201
-0.528462314594
-0.528890867967
-0.529070906896
-0.529080875499
-0.529654468756
-0.530157006273
-0.530157409136
-0.530157473634
-0.530157478007
-0.530157478139
-0.530157480287
-0.531070708827
-0.532007966933
-0.532007966933
-0.532007966933
-0.532007966933
-0.532007966933
-0.532007966933
-0.532007966933
-0.532015207495
-0.532015207495
-0.532015207495
-0.532015207495
-0.532548061649
-0.533180056514
-0.533350209882
-0.533350209882
-0.533890818513
-0.53446288847
-0.53808835898
-0.538772673932
-0.539297326794
-0.539854653545
-0.541622937335
-0.542215853747
-0.542753838157
-0.543977567102
-0.546549931501
-0.546574219759
-0.547098640216
-0.547099311723
-0.551519095518
-0.551623199066
-0.551724457854
-0.551752185351
-0.551812457317
-0.552040477139
-0.552055779367
-0.552370916079
-0.552422490424
-0.55279644167
-0.55298501193
-0.553485058851
-0.553485058851
-0.553663995928
-0.553846785897
-0.553930940179
-0.55421121956
-0.554411201693
-0.554816191664
-0.554956639807
-0.55523982849
-0.555241097008
-0.555243517527
-0.555243517527
-0.555243517527
-0.55524351795
-0.555454418326
-0.55548141434
-0.555728876306
-0.555780504423
-0.556001219476
-0.556051139523
-0.556477585056
-0.556556883239
-0.557046583618
-0.557083227172
-0.557117475656
-0.557139571614
-0.557226422026
-0.557289307627
-0.55732283969
-0.557504711738
-0.558930262731
-0.561470986847
-0.561834481531
-0.563312711281
-0.563656128913
-0.563773917514
-0.564920843491
-0.566024516558
-0.566045035567
-0.568250521782
-0.570609905124
-0.571320817237
-0.576831213851
-0.581268615007
-0.583746079861
-0.585264921256
-0.58650207742
-0.587688600516
-0.588178797538
-0.592686776896
-0.593587967385
-0.593655721409
-0.595006928064
-0.595213342822
-0.599352318002
-0.599676073641
-0.601521907597
-0.601831720782
-0.602425189979
-0.602906004261
-0.602906004261
-0.602906004261
-0.602906004261
-0.602906004261
-0.602906004261
-0.602906004261
-0.602906004261
-0.602906004261
-0.602906004261
-0.602906004261
-0.602906004261
-0.602906004261
-0.602906004261
-0.602906004261
-0.602906004261
-0.602906004261
-0.602906004261
-0.602906004261
-0.602906004261
-0.602906004261
-0.602906004261
-0.602906004261
-0.602906004261
-0.602906004261
-0.602906004261
-0.602906004261
-0.602906004261
-0.602906004261
-0.602906004261
-0.602906004261
-0.602906004261
-0.602906004261
-0.602906004261
-0.60354174271
-0.603819910113
-0.603819910113
-0.603819910113
-0.603819910113
-0.603819910113
-0.603819910113
-0.603819910113
-0.604493028206
-0.604493033175
-0.604817235721
-0.604925702767
-0.604925708224
-0.604931506523
-0.605009057139
-0.607341633767
-0.607341758226
-0.607341771974
-0.607341780446
-0.60734178045
-0.607341780673
-0.607341780868
-0.607341780959
-0.607341780959
-0.607341780959
-0.607341780959
-0.607341780959
-0.607341780959
-0.607341780959
-0.607341780959
-0.607341780959
-0.607341780959
-0.607341780959
-0.607341780959
-0.608993767343
-0.609321802806
-0.615083161961
-0.616450974018
-0.616988992258
-0.617159972519
-0.617161676704
-0.617464574594
-0.617999217305
-0.626816431979
-0.626847033268
-0.629031862462
-0.637632300178
-0.637642935177
-0.637643824114
-0.637645594537
-0.637676757947
-0.642464503203
-0.642464503203
-0.642464503203
-0.642464503203
-0.642464503203
-0.642464503203
-0.642464503203
-0.644290786586
-0.645760391626
-0.648125838046
-0.650687016773
-0.654566797918
-0.656681402334
-0.657164389976
-0.658268283501
-0.66043914925
-0.66274068924
-0.664105115479
-0.667643409178
-0.670783280027
-0.672248345998
-0.672254922112
-0.672259443532
-0.672260898788
-0.67226116735
-0.672261196655
-0.673261262508
-0.673303475152
-0.674781570599
-0.674842342414
-0.674851860526
-0.674856429855
-0.674857681222
-0.675243266527
-0.675243266527
-0.675243266527
-0.675243266527
-0.675243266527
-0.675243266527
-0.675243266527
-0.675243266527
-0.675243266527
-0.675243266527
-0.675243266527
-0.675243266527
-0.675243266527
-0.675243266527
-0.675243266527
-0.675243266527
-0.675243266527
-0.675243266527
-0.675243266527
-0.675243266527
-0.675243266527
-0.675243266527
-0.676286430265
-0.678517746584
-0.687382235136
-0.687681557741
-0.689646647604
-0.690367031149
-0.691042265029
-0.691042945099
-0.691880029738
-0.691934005857
-0.692990069117
-0.697305326416
-0.69955766512
-0.703135787111
-0.704517442636
-0.704989867172
-0.707221227672
-0.707221257092
-0.707225004171
-0.707878959021
-0.707878959021
-0.707878959021
-0.711533742044
-0.711846441077
-0.711846441077
-0.711846441077
-0.711846441077
-0.711846441077
-0.711846441077
-0.712941546583
-0.712984480971
-0.714051741064
-0.714108523304
-0.714317167295
-0.714609012335
-0.7161476611
-0.716874610425
-0.718560645099
-0.719978961112
-0.719978961112
-0.719978961112
-0.719978961112
-0.719978961112
-0.719978961112
-0.720300666489
-0.721565326231
-0.722876619484
-0.723343616619
-0.724848313772
-0.727471050567
-0.727821532688
-0.728753703754
-0.730977480229
-0.731334478237
-0.732688630654
-0.734006069785
-0.734606723897
-0.73572568233
-0.739572552089
-0.745099051695
-0.745773733008
-0.752168310002
-0.753694104026
-0.753694192543
-0.753696911316
-0.754524057978
-0.75492446568
-0.756165294395
-0.759547825404
-0.765464376357
-0.768683975211
-0.770593154551
-0.770956084393
-0.774320202638
-0.775717131572
-0.776182786235
-0.776182786235
-0.776182786235
-0.776182786235
-0.776182786235
-0.776182786235
-0.776182786235
-0.776182786235
-0.776182786235
-0.776182786235
-0.776182786235
-0.776182786235
-0.776182786235
-0.776182786235
-0.776182786235
-0.776182786235
-0.776182786235
-0.776182786235
-0.776182786235
-0.776182786235
-0.776182786235
-0.776312486223
-0.784143495579
-0.789345665668
-0.79126971971
-0.799847048546
-0.807060656187
-0.818007586415
-0.822826634285
-0.822864139972
-0.822864274327
-0.822864653233
-0.82286577582
-0.827374477234
-0.828560941696
-0.828764072617
-0.835580635335
-0.83693169686
-0.83693169686
-0.840570457403
-0.840584991974
-0.848506613655
-0.852274343777
-0.852908772185
-0.854178601053
-0.858189437726
-0.864664340078
-0.864664340078
-0.864664340078
-0.864664340078
-0.864664340078
-0.864664340078
-0.864664340078
-0.864664340078
-0.864664340078
-0.865691535004
-0.865691535004
-0.866445920537
-0.868058359166
-0.873247775552
-0.873329099531
-0.87332912263
-0.87332912263
-0.87332912263
-0.87332912263
-0.87332912263
-0.87332912263
-0.87332912263
-0.87332912263
-0.87332912263
-0.87332912263
-0.87332912263
-0.87332912263
-0.87332912263
-0.87332912263
-0.87332912263
-0.87332912263
-0.87332912263
-0.87332912263
-0.87332912263
-0.87332912263
-0.87332912263
-0.87332912263
-0.87332912263
-0.87332912263
-0.87332912263
-0.873329123068
-0.873329126523
-0.873329131366
-0.875786426722
-0.879588603709
-0.879781952601
-0.885406742952
-0.890887459931
-0.893320808686
-0.90256847884
-0.904790595403
-0.907780538519
-0.913640129538
-0.916970341075
-0.919023569183
-0.923159121839
-0.935675176001
-0.936349789639
-0.93832645299
-0.939231632089
-0.939873730357
-0.948077566312
-0.948305937329
-0.948914826018
-0.948958038834
-0.950786882765
-0.951074686067
-0.951971204881
-0.956674371592
-0.958120259445
-0.959360095588
-0.959946276074
-0.972213643829
-0.980577066618
-0.980727405474
-0.982040028959
-0.984130019867
-0.989343627337
-0.997845691182
-0.997934818563
-0.997943233372
-0.997943860126
-0.997943907552
-1.00471922803
-1.0079287502
-1.00854648186
-1.0089564929
-1.00941969944
-1.01193402679
-1.0157222444
-1.02586808983
-1.03116844358
-1.03167577124
-1.03388113867
-1.03388113867
-1.03388113867
-1.03388113867
-1.03388113867
-1.03388113867
-1.04244210671
-1.04917590202
-1.05573010541
-1.05710002702
-1.05844205528
-1.06114802075
-1.06208808797
-1.06208808797
-1.06208808797
-1.06208808797
-1.06444485439
-1.06478200821
-1.07118413848
-1.07544664539
-1.07544842937
-1.08475345374
-1.1118080133
-1.12067625175
-1.14691291764
-1.15249922711
-1.17141334084
-1.17937292243
-1.18064153422
-1.18551117343
-1.18881329616
-1.2146868
-1.21578233139
-1.2739539343
-1.29281725331
-1.29320646129
-1.300895384
-1.30867763508
-1.34180605481
-1.34191585704
-1.34196210386
-1.35176235102
